0;34,258,482,676,518,363,973,781,622,239,784,689,243,851,56,345,0
1;1,834,354,579,999,395,748,461,847,879,80,18,760,93,703
2;514,260,261,326,204,972,141,334,272,283,923,219,990,606,161,355,421,37,42,112,51,886,570,61,765,958,2
3;304,400,627,724,277,982,391,954,396,717,287,3
4;385,833,577,99,452,870,102,807,681,431,144,467,20,823,56,218,923,924,412,509,95,447,191,287,4
5;768,832,577,322,581,261,462,912,80,465,339,598,154,923,991,479,480,737,360,238,879,497,120,825,506,250,893,446,574,5
6;450,514,835,196,775,852,276,22,854,24,286,96,544,353,675,740,613,933,40,169,42,682,175,496,758,639,6
7;384,961,483,934,966,7,199,904,104,41,842,109,687,881,978,628,600,985,730,829,446
8;992,384,961,833,930,740,485,677,200,140,269,527,431,207,976,369,277,213,373,598,118,952,891,702,8
9;32,512,705,386,2,229,710,392,233,266,267,107,429,880,529,401,821,405,726,504,347,285,9
10;769,900,838,518,330,204,142,785,337,340,788,85,789,86,855,475,224,98,742,806,876,942,370,498,505,442,954,187,127,10
11;579,710,38,396,526,18,53,629,889,922,700,476,126,351,11
12;0,832,577,324,325,262,712,907,780,717,77,79,719,145,657,916,213,341,727,666,410,484,614,686,878,690,691,821,438,636,12
13;962,707,580,584,715,588,205,147,284,605,737,35,613,102,678,808,746,366,943,498,51,950,573,125,255,13
14;960,194,579,517,391,970,715,12,783,656,274,727,90,219,98,610,99,996,740,293,933,806,615,361,375,378,379,830,14
15;593,433,518,297,618,397,542,990,831,175,463,15
16;928,770,451,458,811,973,590,210,52,276,565,310,855,56,537,348,254,222,190,16
17;769,259,261,202,717,79,146,339,595,661,984,792,24,153,217,859,734,287,352,678,171,876,560,433,757,953,633,697,187,123,17
18;768,325,653,589,974,14,592,212,539,351,223,480,165,174,497,49,114,52,756,952,376,187,571,509,575,18
19;706,259,391,392,488,489,649,557,655,147,21,54,536,857,346,188,189,286,895,19
20;320,641,132,901,201,396,334,660,788,597,470,535,216,732,863,672,290,102,871,231,488,104,811,492,751,497,375,826,189,382,20
21;704,513,644,967,778,588,336,915,22,602,800,33,675,806,681,298,811,685,756,820,757,694,119,698,573,638,21
22;962,391,456,907,11,844,717,205,146,82,851,725,406,603,93,673,747,497,819,692,631,697,953,441,186,765,22
23;834,898,835,462,785,529,402,723,915,20,919,728,281,923,159,480,291,164,934,103,680,107,171,108,109,813,627,245,23
24;881,214,7,615,71,824,313,970,235,988,253,703,24
25;227,6,294,456,234,139,717,336,306,50,499,53,885,510,25
26;65,737,834,34,738,164,677,70,199,73,362,428,274,278,216,984,316,221,26
27;576,52,518,614,760,586,876,764,252,925,27
28;32,485,486,775,104,872,745,49,818,435,22,888,794,187,283,445,382,28
29;897,264,617,43,813,687,400,178,179,211,149,661,405,439,762,154,122,221,93,30,29
30;704,640,65,449,194,964,581,647,715,587,529,595,150,857,91,285,608,359,232,808,297,302,46,751,819,437,309,30
31;832,961,481,994,36,517,839,44,108,496,274,372,309,982,951,505,537,889,187,59,828,605,639,31
32;322,967,529,402,595,531,404,852,984,344,155,861,671,481,547,869,299,685,239,751,688,50,52,500,695,55,251,32
33;640,512,707,645,10,779,15,275,792,345,921,350,549,166,490,620,112,625,754,947,179,692,632,121,763,253,33
34;961,580,711,906,11,397,717,879,657,338,850,691,662,920,473,892,669,862,767,34
35;801,97,166,871,842,362,555,274,978,339,467,20,277,825,796,255,35
36;963,708,197,901,581,904,584,331,715,652,847,848,18,661,469,598,535,730,285,350,97,163,298,174,759,190,36
37;129,5,904,907,274,406,794,610,612,101,40,748,749,941,238,942,751,111,175,115,116,757,53,502,126,127,37
38;993,516,808,712,329,873,397,786,373,789,437,886,183,761,410,155,860,764,797,701,479,38
39;192,834,899,5,901,967,904,15,975,336,337,468,788,148,600,922,987,91,94,292,231,296,810,491,108,562,439,248,632,122,39
40;865,354,295,487,297,810,778,780,301,912,273,82,117,309,567,664,605,159,40
41;644,420,676,68,902,231,456,40,712,875,204,45,787,724,245,919,504,473,921,157,541,573,127,41
42;193,977,915,150,663,23,792,218,608,611,420,36,808,104,169,490,300,44,558,47,368,693,440,568,121,637,42
43;992,705,834,101,103,648,9,490,203,238,846,335,465,210,275,243,212,918,662,184,186,219,283,734,43
44;384,1,577,66,196,200,843,460,397,525,146,658,22,987,860,96,106,299,44,941,302,111,819,243,756,375,56,504,890
45;289,290,546,646,295,392,104,810,970,875,747,109,79,241,659,788,372,405,886,890,314,45
46;386,519,263,267,779,269,590,591,208,665,795,542,350,226,740,422,806,359,232,171,811,812,53,951,825,58,252,638,46
47;161,193,355,132,356,327,679,807,779,875,557,525,622,719,560,496,818,51,504,954,154,47
48;528,640,960,338,229,53,998,376,633,697,970,414,48
49;195,293,230,327,167,297,203,715,491,303,946,819,179,981,469,29,49
50;752,160,178,563,676,180,821,711,344,381,333,15,50
51;768,577,162,194,834,387,868,493,397,814,335,946,919,343,25,250,634,571,124,92,668,542,51
52;130,451,420,165,70,714,426,271,656,916,568,956,254,52
53;65,451,515,69,263,461,78,592,471,731,162,166,490,426,300,691,307,181,695,889,700,572,125,445,63,53
54;225,342,950,327,10,219,683,669,237,239,783,54
55;403,99,196,340,84,788,661,246,454,827,28,861,55
56;64,897,706,901,649,458,651,78,852,602,347,91,668,541,928,610,98,162,483,613,743,552,488,105,111,624,112,757,508,957,56
57;784,322,276,837,581,263,922,155,61,62,351,671,57
58;519,776,137,16,977,913,275,19,404,405,23,411,288,100,105,297,618,494,431,885,373,186,250,955,446,58
59;496,336,273,674,564,149,169,74,426,684,877,943,59
60;128,706,200,330,907,12,208,336,83,405,22,26,350,417,611,38,105,810,938,106,427,113,178,115,312,825,58,127,60
61;674,420,485,326,262,136,362,529,625,467,595,501,728,991,61
62;640,704,258,355,741,844,816,338,795,574,478,927,639,62
63;32,481,930,451,227,742,263,679,200,137,810,462,849,789,345,857,666,59,636,28,412,382,862,735,63
64;928,321,769,4,676,394,302,431,751,272,819,691,564,660,501,149,409,861,799,767,64
65;99,677,935,746,714,205,366,467,85,854,697,251,989,189,414,447,65
66;896,193,963,196,261,774,839,140,653,16,338,660,981,277,726,473,730,607,95,683,241,946,567,315,125,382,62,66
67;320,484,998,455,841,752,912,145,369,849,500,661,23,599,57,795,733,67
68;737,705,993,322,35,612,9,971,17,405,310,888,121,729,955,318,62,68
69;865,674,962,996,677,745,554,331,941,366,304,563,148,22,345,730,699,28,380,190,383,69
70;672,673,450,771,389,549,965,455,392,264,329,745,74,972,716,15,113,755,372,182,246,152,797,70
71;0,162,516,837,549,5,358,231,939,748,751,950,184,410,283,71
72;384,325,838,455,903,968,200,908,909,14,466,339,469,918,919,792,730,667,668,34,615,489,745,233,361,298,173,114,50,895,72
73;256,128,672,97,674,290,834,740,677,741,742,520,620,876,591,399,209,370,339,659,500,405,889,698,73
74;768,578,582,390,776,72,586,531,851,277,407,672,544,609,611,741,169,43,619,756,693,632,696,764,383,63,74
75;993,482,962,994,680,842,396,652,748,12,177,83,532,949,152,792,346,892,956,540,221,350,75
76;65,579,131,515,836,5,326,455,202,973,914,147,980,341,346,538,477,671,991,741,873,878,304,499,316,511,76
77;640,98,930,899,323,260,196,133,391,392,682,778,939,174,975,208,529,595,916,468,823,90,59,732,77
78;416,288,769,641,450,100,456,584,585,44,941,942,47,17,310,633,667,604,285,191,78
79;992,899,803,133,37,104,73,623,881,18,851,435,788,53,661,214,727,890,956,573,79
80;384,292,100,453,40,73,844,45,207,848,115,918,855,536,121,125,895,80
81;629,997,871,344,522,364,876,268,476,702,81
82;129,962,994,262,359,264,554,299,623,948,87,88,121,634,987,764,349,479,82
83;0,66,9,681,174,277,27,444,476,157,829,542,159,319,83
84;544,614,807,679,425,778,618,811,173,943,623,753,242,595,308,408,953,219,349,84
85;193,930,483,517,968,104,74,428,76,877,430,560,849,628,309,790,151,856,314,154,607,85
86;0,129,262,199,775,841,845,145,915,532,729,284,350,864,549,104,680,299,881,242,371,311,248,121,122,699,124,510,703,86
87;896,129,261,327,328,138,526,848,209,786,724,214,918,26,413,989,801,486,935,748,942,750,751,114,563,948,181,54,87
88;256,640,130,932,996,164,621,462,719,754,178,50,180,244,789,437,823,663,121,220,190,607,959,88
89;994,259,492,974,462,50,820,757,567,343,664,826,511,959,89
90;705,643,488,589,239,658,308,727,25,218,892,413,447,90
91;128,704,196,772,645,527,656,407,279,728,282,923,157,94,479,160,161,35,867,420,677,422,169,235,880,689,882,377,443,91
92;176,675,884,535,55,553,873,700,892,557,509,831,92
93;617,521,713,363,940,588,944,402,276,217,185,762,766,318,62,958,894,511,95,93
94;577,290,770,195,867,387,68,231,135,489,649,106,718,431,656,947,725,886,860,349,317,797,94
95;769,579,391,776,520,137,75,790,347,859,28,543,287,800,163,228,807,168,617,937,618,878,690,441,380,254,95
96;832,193,385,514,197,584,332,783,528,720,787,23,601,282,799,416,33,931,37,938,493,111,944,561,308,54,252,96
97;193,161,482,679,71,620,432,882,818,115,951,445,61,97
98;576,709,261,584,462,912,592,274,532,918,471,153,733,606,545,353,742,422,870,615,231,361,427,625,565,121,698,187,571,98
99;481,995,651,755,147,435,725,21,597,790,855,601,58,475,99
100;645,261,774,134,74,11,204,589,398,15,271,981,536,218,158,162,677,39,103,878,242,434,114,179,824,249,378,61,895,100
101;897,3,436,869,389,378,843,876,957,318,101
102;512,192,896,129,262,140,76,718,78,209,854,22,855,215,24,346,923,477,479,480,417,34,995,419,421,240,694,378,698,63,102
103;960,103,139,299,270,110,910,212,565,309,150,632,254
104;512,322,389,838,198,968,138,395,591,21,470,282,411,540,348,477,995,358,743,809,939,109,494,623,245,54,953,891,255,104
105;96,736,578,614,935,10,938,843,493,47,144,176,881,466,82,755,83,278,603,105
106;705,580,965,264,714,458,203,207,848,657,273,786,917,601,92,159,995,873,682,685,751,624,564,180,311,375,570,252,766,574,106
107;961,388,774,455,583,401,785,793,729,731,221,990,738,995,805,230,680,745,684,45,493,47,496,50,697,63,107
108;450,292,901,294,614,648,430,176,720,496,658,503,730,634,796,108
109;835,516,325,70,679,616,745,203,461,558,814,340,628,406,109
110;320,321,200,522,76,913,82,212,534,471,921,991,98,419,611,931,676,39,488,745,174,755,243,564,631,110
111;960,648,14,719,400,278,731,670,607,930,356,549,233,745,809,170,746,47,176,113,885,373,245,890,187,635,316,767,111
112;834,5,777,74,527,721,594,532,24,793,730,922,859,28,223,927,351,930,740,420,301,495,687,623,752,435,309,246,380,764,112
113;400,705,562,245,453,998,760,457,681,571,875,367,113
114;224,327,808,394,11,652,110,303,593,658,819,564,148,21,981,854,886,86,247,185,607,223,114
115;768,289,646,775,40,874,906,812,143,719,943,111,944,339,630,760,345,157,115
116;962,963,837,5,70,585,971,334,148,468,662,346,604,348,733,670,672,290,228,101,870,686,115,246,312,250,116
117;129,770,4,72,905,842,332,845,399,21,407,343,215,158,798,929,611,419,934,362,747,493,429,302,239,560,628,633,953,445,117
118;962,965,261,325,326,141,462,846,913,468,213,661,406,856,537,925,928,994,292,356,682,114,628,567,380,62,118
119;513,962,195,616,937,841,554,365,238,462,561,275,307,404,697,90,379,862,119
120;640,833,977,118,455,936,219,686,350,926,120
121;194,650,524,526,142,784,209,531,727,151,152,921,282,155,28,930,546,233,937,45,685,559,943,818,819,831,511,121
122;144,512,528,770,276,341,936,318,350,239,122
123;833,899,644,68,904,270,335,528,336,789,277,214,797,93,868,358,489,297,426,490,874,811,300,181,887,951,507,891,635,894,123
124;544,802,482,358,455,905,522,402,819,500,949,956,444,124
125;193,516,644,325,327,839,200,456,9,528,208,145,658,210,594,345,89,926,160,804,612,229,46,182,502,374,760,122,316,382,125
126;257,705,452,581,70,654,464,80,531,213,598,670,542,673,682,562,756,180,309,183,249,891,188,702,639,126
127;259,707,980,917,165,71,569,172,156,589,127
128;577,34,354,611,836,36,132,933,137,650,653,624,887,475,128
129;673,130,899,5,935,488,585,15,820,309,729,602,542,129
130;802,450,453,968,937,74,651,683,780,460,944,561,625,82,371,404,757,182,471,855,601,537,349,863,130
131;32,737,801,996,709,710,9,937,747,492,718,686,433,595,243,53,374,567,314,987,188,541,131
132;672,616,393,843,655,784,947,756,724,661,150,918,630,92,382,319,132
133;356,485,837,230,614,360,429,111,432,304,595,948,501,373,629,89,889,25,697,62,30,133
134;1,580,520,265,10,394,844,81,472,858,667,800,160,993,868,101,358,808,296,873,876,748,885,695,632,134
135;161,833,290,453,37,133,38,6,552,968,744,842,300,237,817,242,434,694,601,762,542,862,135
136;577,259,804,484,105,873,590,112,977,849,786,758,88,408,25,729,474,669,223,415,136
137;752,33,658,485,710,87,520,841,634,683,137
138;320,198,841,779,909,205,142,271,528,19,21,342,793,538,91,926,862,609,675,613,423,999,812,364,45,878,950,184,138
139;962,35,867,899,260,997,744,9,329,171,331,590,48,16,565,599,537,139
140;103,395,492,846,721,81,789,344,314,410,858,348,991,140
141;225,356,133,709,935,423,235,461,654,719,431,529,116,726,632,280,314,923,892,156,222,141
142;704,899,198,457,330,910,463,917,406,921,730,283,862,801,162,550,301,111,880,304,816,563,435,883,307,952,251,701,893,702,142
143;518,615,39,905,43,718,464,978,276,884,724,664,986,507,828,446,223,143
144;129,930,2,867,870,358,966,42,140,781,622,948,533,665,217,313,28,144
145;1,259,196,74,77,78,783,657,660,532,983,88,90,156,733,285,414,991,932,935,104,105,236,942,625,242,759,764,145
146;323,899,611,483,8,783,944,464,273,530,20,245,730,954,350,799,146
147;803,900,102,231,455,328,394,431,367,657,819,563,374,919,792,954,157,147
148;627,692,356,598,199,71,872,201,218,940,876,366,148
149;256,65,225,70,711,521,906,878,784,528,209,306,370,276,632,600,506,731,892,445,62,767,149
150;960,897,644,68,134,136,589,14,217,740,356,677,421,742,679,365,430,46,692,52,697,122,890,700,638,150
151;275,788,550,966,647,938,378,716,380,765,382,151
152;864,995,615,299,396,14,750,431,176,689,721,692,533,278,470,919,985,922,831,152
153;448,897,3,708,265,908,972,781,846,342,730,991,996,807,296,297,617,234,300,174,431,370,756,951,825,63,153
154;0,961,194,581,966,775,138,76,140,399,143,923,219,283,545,486,744,235,44,940,684,495,816,434,242,822,443,508,62,154
155;97,801,354,675,292,391,428,908,814,143,849,436,340,20,182,534,951,89,314,986,863,383,155
156;544,418,356,261,933,870,70,296,105,235,109,110,368,593,18,594,983,123,157,445,478,382,287,156
157;768,132,644,836,581,711,460,79,785,338,917,341,534,921,287,739,611,803,552,296,617,492,496,434,959,157
158;400,273,19,707,451,54,710,23,42,79,158
159;64,768,578,132,10,522,779,591,722,275,915,659,980,725,149,28,486,687,944,625,433,243,564,887,631,441,764,191,159
160;864,257,995,362,234,973,334,494,659,468,628,949,502,919,375,601,890,346,191,160
161;581,391,908,589,461,657,785,84,598,664,666,221,161,163,356,548,868,741,613,362,620,45,367,559,882,946,179,437,312,954
162;0,384,65,514,837,518,327,328,460,847,273,467,211,404,532,470,664,155,158,542,676,868,677,102,360,105,302,52,374,763,162
163;325,517,230,646,616,169,522,779,300,752,467,403,212,533,758,438,759,186,667,60,285,669,543,383,163
164;705,644,836,774,458,907,848,146,283,744,553,236,172,877,942,814,944,881,434,117,438,248,826,188,574,319,164
165;320,227,421,360,490,715,364,240,561,979,435,339,212,982,188,765,542,831,165
166;321,386,34,291,715,718,408,120,858,668,444,220,222,574,166
167;289,483,648,42,716,463,850,917,213,951,538,283,637,167
168;320,32,38,551,231,682,493,238,495,912,688,305,691,20,245,630,502,406,793,313,569,543,319,168
169;768,897,675,739,900,488,553,873,585,554,842,140,142,654,208,304,721,850,820,757,150,472,537,169
170;448,1,484,70,358,231,492,558,719,49,212,788,85,666,668,92,286,170
171;640,192,354,866,626,772,857,874,796,797,717,171
172;704,354,195,67,132,232,200,234,747,907,879,655,272,627,280,56,344,827,92,28,861,157,637,574,172
173;674,933,806,970,44,524,142,880,465,401,402,308,85,726,23,666,27,924,92,414,990,173
174;609,579,677,360,746,11,203,974,207,17,82,661,604,174
175;352,515,932,390,327,295,394,12,205,270,688,82,822,280,121,411,605,175
176;480,705,66,675,37,710,6,8,107,466,307,116,756,216,893,254,176
177;353,34,451,483,99,68,325,552,10,843,235,238,628,276,20,181,406,439,313,251,127,177
178;674,322,586,652,716,45,110,496,81,817,306,338,755,820,535,375,983,759,120,505,827,350,895,178
179;609,449,930,962,515,806,583,200,8,588,685,141,47,50,178,757,696,824,985,507,571,220,221,926,179
180;1,3,419,164,740,612,4,422,681,714,554,588,941,272,721,274,532,117,791,728,312,254,180
181;833,66,650,780,461,274,787,468,21,277,604,668,732,543,223,36,868,998,934,871,936,108,367,51,373,443,381,253,181
182;801,756,953,873,57,121,170,29,158,606,431,182
183;547,723,869,389,649,987,124,444,989,414,183
184;768,833,579,195,583,201,844,591,16,849,466,983,921,153,604,160,614,681,750,114,757,949,567,953,765,184
185;97,451,420,932,904,459,463,625,274,724,948,693,952,249,25,57,668,92,185
186;514,898,709,393,141,397,17,913,86,793,349,353,675,228,807,680,618,365,497,242,947,568,697,315,60,186
187;320,69,782,526,591,271,276,922,282,668,101,870,359,872,681,490,427,939,748,45,750,436,120,507,61,831,187
188;257,1,450,389,453,41,458,12,334,366,336,977,373,534,438,120,24,442,123,507,286,188
189;480,864,449,929,870,487,779,175,48,945,81,791,634,189
190;288,864,834,900,804,234,459,718,719,114,724,56,829,190
191;641,194,387,329,394,659,979,789,728,920,800,674,547,227,869,171,621,943,369,180,820,950,951,312,573,191
192;513,2,834,770,196,70,583,841,906,462,846,401,404,276,21,282,283,795,27,31,489,810,556,237,560,884,184,249,125,63,192
193;849,449,179,774,534,70,920,201,762,462,382,193
194;128,129,641,261,902,455,71,903,967,520,271,272,470,471,219,540,925,287,422,489,491,753,435,820,564,118,57,761,507,194
195;963,644,261,775,456,138,395,587,400,530,854,535,920,25,540,993,100,485,746,622,628,505,953,443,125,255,195
196;864,160,994,163,132,583,331,107,76,655,336,529,373,982,951,217,831,63,196
197;449,388,452,453,838,907,75,652,716,207,148,277,598,854,472,216,859,97,418,552,875,876,376,312,377,633,571,191,197
198;901,838,520,781,526,338,658,723,915,406,919,344,282,154,411,541,299,492,556,941,879,239,242,692,308,569,571,379,198
199;592,416,784,561,83,180,516,37,23,634,879,199
200;129,452,580,517,199,712,332,652,911,528,210,531,84,729,90,860,993,290,165,806,358,809,107,491,302,48,176,432,113,562,200
201;992,32,449,642,228,869,646,358,40,841,460,110,559,783,207,372,154,925,671,991,201
202;194,389,839,648,264,138,843,271,272,660,981,277,405,982,727,728,666,29,989,229,869,549,553,619,555,557,942,202
203;195,772,134,647,77,270,718,979,211,600,153,544,546,227,484,678,554,746,684,813,243,371,52,244,246,951,248,637,203
204;898,67,9,466,212,408,920,412,30,158,674,291,997,742,486,743,359,552,681,748,685,237,623,562,955,59,380,638,190,204
205;416,960,256,930,165,614,486,295,745,305,242,851,436,86,726,407,983,312,602,250,922,92,670,205
206;864,260,103,267,204,687,944,945,593,338,694,696,314,59,254,639,511,543,206
207;992,229,233,621,813,273,115,148,279,343,154,478,671,207
208;945,114,563,516,918,375,744,969,393,924,302,208
209;384,192,257,385,771,965,454,71,841,586,138,267,526,14,528,594,980,671,160,738,99,611,870,873,746,313,190,511,209
210;517,549,453,999,872,713,682,908,973,557,813,846,720,499,887,601,26,508,350,210
211;977,738,835,276,404,38,137,841,985,729,510,95,211
212;387,772,583,455,395,331,466,146,340,916,918,343,921,601,606,223,44,45,494,815,883,436,116,633,188,212
213;2,258,66,963,323,836,263,650,652,716,525,849,531,340,982,792,801,98,741,102,359,816,819,308,501,698,571,251,188,893,213
214;192,65,897,772,132,710,583,204,78,913,467,663,536,665,666,988,547,361,362,875,621,238,366,689,306,179,757,247,379,702,214
215;74,850,916,789,23,412,924,668,734,798,608,480,288,353,551,874,426,499,180,182,310,502,375,57,509,215
216;48,816,338,68,260,585,633,779,796,350,216
217;835,980,166,136,377,681,585,810,426,508,557,217
218;3,839,905,458,970,74,142,655,336,657,19,659,538,797,222,30,620,813,687,623,884,372,570,318,446,511,218
219;544,771,212,804,469,38,615,759,649,939,828,219
220;576,448,192,65,644,71,393,842,716,784,721,19,854,283,411,671,611,488,170,43,236,178,883,500,694,763,765,126,574,831,220
221;320,545,226,549,389,102,808,233,650,170,813,912,307,309,439,121,891,379,92,511,221
222;133,517,73,969,714,719,913,793,283,540,221,352,101,104,808,553,938,237,685,46,240,560,114,50,436,566,120,56,222
223;896,992,608,520,714,107,366,399,175,15,944,851,86,56,536,249,985,890,250,924,860,958,223
224;996,38,295,423,359,807,330,555,492,781,558,494,468,820,669,798,542,895,224
225;193,387,198,521,716,526,527,271,81,17,595,20,665,603,861,867,552,879,817,369,243,883,52,888,953,698,570,187,447,225
226;768,1,674,226,709,522,12,236,717,749,48,241,722,763
227;768,128,130,71,393,972,403,276,788,853,600,217,730,732,156,288,354,548,232,362,303,367,48,502,505,761,249,698,635,227
228;384,833,450,579,134,264,392,778,267,470,152,409,730,156,861,862,735,801,678,553,622,497,753,818,500,887,568,636,381,228
229;868,517,295,39,169,489,42,747,140,909,333,367,656,535,343,344,696,539,253,287,229
230;82,770,52,615,295,312,875,765,94,894,230
231;144,817,595,228,487,215,555,971,60,188,111,231
232;256,449,676,72,42,973,781,78,399,529,113,502,823,633,639,232
233;753,529,35,948,933,693,950,187,108,319,95,233
234;896,576,836,134,583,138,592,729,987,413,161,930,808,361,554,619,365,622,240,881,945,370,50,628,251,127,234
235;672,544,707,99,902,486,582,295,136,201,106,650,912,337,19,659,596,757,119,890,315,188,927,235
236;448,161,322,739,612,196,517,903,264,235,747,268,141,818,210,788,790,375,125,509,126,191,639,236
237;320,132,580,454,649,138,528,276,86,983,471,88,408,538,928,230,811,619,620,818,50,885,309,502,950,953,763,251,319,237
238;800,993,971,299,973,433,466,979,820,150,631,408,984,601,58,378,474,540,734,238
239;448,774,390,265,73,844,204,15,272,912,145,469,726,156,543,160,802,746,111,816,49,498,563,118,185,762,125,574,239
240;193,644,132,293,999,7,392,588,237,594,882,341,438,57,958,240
241;208,800,625,322,836,341,646,38,88,825,717,241
242;994,643,388,486,647,523,428,526,622,113,850,755,888,217,350,242
243;321,454,777,713,587,655,849,914,84,474,283,478,862,607,674,101,678,682,491,813,815,623,113,755,822,887,760,824,243
244;353,996,548,388,391,200,968,424,170,778,523,684,910,911,176,593,338,500,470,87,859,125,244
245;899,202,714,906,653,399,852,662,471,408,667,160,929,930,228,484,100,939,236,237,690,565,504,571,316,445,511,127,245
246;709,581,902,524,18,474,734,351,800,992,163,675,294,551,999,424,426,874,748,370,114,117,54,120,377,700,252,255,246
247;784,464,177,131,483,742,264,104,763,557,671,247
248;992,33,423,648,42,462,177,659,499,84,758,571,252,248
249;962,547,645,522,940,973,978,852,853,408,665,250,958,606,249
250;386,323,262,135,776,74,715,784,339,286,670,867,995,741,360,40,872,874,171,172,816,370,439,377,442,126,250
251;930,835,563,937,826,442,381,286,814,847,251
252;128,833,834,514,260,388,775,139,269,850,212,663,87,791,90,222,32,165,357,551,618,939,558,433,371,247,631,254,252
253;864,481,738,835,389,709,550,422,518,73,172,588,397,401,84,407,25,923,349,734,190,63,479,253
254;962,322,325,646,71,969,266,588,14,978,594,82,724,981,662,671,484,614,745,494,627,501,567,443,315,381,254
255;4,518,72,651,142,465,914,212,981,214,220,94,162,741,550,807,300,301,750,111,177,242,818,371,955,255
256;289,450,579,931,485,904,201,298,43,876,589,525,879,497,402,915,916,117,693,150,505,58,540,765,256
257;192,353,931,67,516,677,40,524,845,462,368,592,816,849,914,85,184,889,187,604,956,894,257
258;289,385,868,230,520,976,80,563,84,917,629,246,23,664,696,730,123,28,351,831,258
259;1,259,931,229,649,137,492,974,334,175,719,656,691,276,181,922,571,699,701,573
260;546,835,739,965,325,617,171,845,207,176,400,914,467,916,341,925,286,927,260
261;129,934,137,874,843,939,715,461,845,655,561,177,113,594,818,692,376,892,222,261
262;640,865,550,264,840,780,749,461,557,51,116,662,726,374,566,887,602,122,476,28,262
263;128,65,519,462,656,208,916,727,23,89,537,607,352,546,930,228,294,615,492,304,562,883,692,886,312,569,764,263
264;769,947,884,213,87,856,440,490,491,252,861,264
265;192,225,449,769,868,428,141,785,950,119,759,795,62,265
266;256,128,897,130,651,203,846,465,212,27,287,32,931,804,613,615,423,425,495,47,48,369,756,311,634,956,60,445,126,266
267;66,643,836,870,264,265,171,524,301,941,366,111,80,593,81,914,211,500,148,981,183,55,696,859,267
268;353,355,485,646,103,876,78,464,881,277,87,282,730,187,509,268
269;392,270,590,977,212,22,25,795,288,353,356,805,997,294,552,617,683,367,946,948,182,634,699,701,126,269
270;640,386,262,209,145,723,340,662,471,343,280,857,667,923,219,735,671,672,296,172,749,112,496,436,184,443,511,270
271;448,322,130,132,261,453,901,586,74,651,908,972,911,529,466,404,725,21,600,539,995,868,298,364,302,47,503,827,271
272;452,902,556,557,174,81,594,531,787,21,377,666,924,735,272
273;800,68,776,42,588,270,303,850,50,660,52,344,473,284,273
274;512,448,0,73,586,846,463,849,978,82,915,21,278,151,795,475,732,802,163,291,932,679,937,44,879,113,881,49,818,371,274
275;768,672,545,516,645,101,840,619,267,589,334,240,304,339,245,342,920,569,154,539,92,125,275
276;705,290,772,245,709,711,104,504,489,989,158,276
277;995,916,663,728,762,330,779,30,510,943,277
278;704,320,897,453,70,330,845,785,852,534,861,286,738,611,548,229,870,486,682,683,812,818,565,757,120,891,61,278
279;835,195,260,199,780,17,209,662,791,30,676,357,679,682,557,878,752,819,53,635,571,316,381,893,317,127,279
280;352,1,482,514,901,646,582,838,72,680,41,457,139,271,944,884,758,23,313,124,509,126,542,351,280
281;609,785,661,584,840,138,588,828,333,782,281
282;848,451,133,184,250,410,427,363,572,397,282
283;513,321,324,5,326,73,395,780,783,658,594,531,980,854,726,484,422,679,361,747,366,561,886,121,891,573,283
284;515,229,491,271,81,434,178,243,403,917,310,694,728,665,410,411,956,639,284
285;577,321,769,898,201,458,210,788,148,473,348,733,862,990,160,97,226,998,550,934,745,492,304,180,438,759,188,285
286;609,228,36,262,998,391,551,8,809,810,204,720,273,147,724,436,504,60,476,348,799,286
287;418,291,775,584,72,10,875,203,108,301,877,45,878,818,307,533,152,824,377,571,510,126,287
288;672,82,19,612,853,360,872,505,410,591,288
289;481,804,676,550,937,109,142,559,111,495,48,656,753,180,661,565,311,56,796,289
290;128,259,643,36,710,422,139,656,433,594,148,341,565,885,982,55,185,953,669,254,479,290
291;834,518,936,714,843,972,109,589,977,657,466,84,948,822,54,410,218,636,318,606,291
292;849,643,260,229,86,358,520,761,857,874,379,831,292
293;898,642,259,452,581,455,652,269,529,594,473,540,416,228,548,425,746,493,943,175,436,629,181,566,502,637,190,293
294;771,901,70,521,905,201,777,140,910,276,277,408,539,27,413,480,33,552,681,874,237,622,816,689,562,946,825,187,294
295;418,131,452,454,871,169,618,491,782,270,302,719,112,208,944,115,787,533,693,54,600,761,863,895,295
296;705,323,295,808,648,778,234,16,434,595,308,54,887,862,414,63,296
297;512,450,199,137,778,716,973,656,401,341,279,155,863,479,927,97,37,934,42,492,241,307,890,445,446,382,126,831,297
298;387,838,967,264,393,76,462,334,785,338,595,470,280,475,610,931,868,741,304,241,52,692,182,57,316,190,382,298
299;608,864,256,7,265,9,458,493,144,881,625,851,980,948,245,120,696,856,443,861,299
300;64,256,130,643,839,296,521,907,460,172,719,143,879,528,789,889,666,794,669,478,223,300
301;673,899,68,358,710,679,871,778,715,139,875,912,785,722,499,916,244,982,984,952,412,828,349,958,301
302;899,580,933,357,327,104,168,489,620,80,914,627,467,246,151,889,316,349,302
303;256,866,579,676,292,101,486,617,620,653,274,756,665,249,573,223,303
304;64,834,516,330,746,238,850,754,243,564,788,212,86,216,632,920,857,185,921,155,316,830,670,991,304
305;928,4,486,269,526,47,240,275,724,565,858,893,638,305
306;160,97,196,138,970,171,747,140,941,754,562,691,243,565,984,956,701,446,190,306
307;384,769,2,322,901,840,745,299,972,590,719,688,435,627,19,980,469,759,599,24,344,986,571,126,307
308;352,656,339,149,246,903,583,138,268,733,893,831,308
309;324,70,653,14,275,979,918,407,473,95,352,32,96,97,289,802,36,102,554,107,366,367,375,951,824,249,379,958,309
310;322,965,453,905,202,652,719,784,916,148,661,31,288,35,740,998,744,492,237,367,623,112,753,949,701,766,310
311;384,258,610,806,38,553,362,207,980,660,180,604,671,311
312;706,420,773,424,457,586,330,619,140,652,718,755,855,668,829,703,312
313;256,578,37,621,109,815,687,148,662,569,539,476,188,799,313
314;337,977,579,37,279,428,925,253,77,479,314
315;560,769,370,963,899,297,651,636,780,909,315
316;576,707,842,908,652,781,720,210,659,83,340,472,283,612,676,491,940,815,944,434,53,312,953,442,314,316
317;128,546,962,420,166,167,135,968,269,814,367,976,753,881,306,984,632,185,26,828,478,318,287,255,317
318;482,390,73,619,397,241,817,690,83,595,630,184,219,414,318
319;642,935,522,492,301,366,750,302,720,144,176,497,658,20,789,951,439,856,442,955,284,668,319
320;129,323,581,262,713,785,83,403,663,601,603,283,795,97,419,996,997,361,684,109,814,501,439,503,826,634,126,320
321;128,848,803,531,164,726,502,970,603,782,321
322;416,640,433,946,258,404,166,375,408,873,322
323;835,4,8,906,334,720,656,401,915,408,536,410,27,733,802,932,868,43,363,940,623,499,822,186,891,572,323
324;160,33,34,99,36,582,647,73,361,266,586,363,77,845,335,722,628,980,790,246,636,124,670,324
325;419,390,391,520,714,587,142,466,499,949,888,218,955,701,574,542,318,325
326;865,929,483,999,519,138,330,941,653,78,687,816,145,146,403,787,23,280,315,797,62,638,671,127,326
327;129,929,706,451,839,712,877,17,785,178,820,628,216,985,761,889,891,511,767,327
328;833,241,947,499,485,805,373,473,588,861,349,381,328
329;96,805,549,520,555,332,621,944,51,691,440,984,856,380,893,734,94,329
330;97,130,34,324,709,101,613,905,874,586,907,715,939,496,273,20,921,154,93,447,330
331;513,289,804,548,517,357,294,838,615,491,331,13,846,558,14,623,181,470,790,23,760,94,255
332;768,832,131,868,933,869,104,974,622,944,49,754,531,83,596,309,789,567,151,856,634,762,605,332
333;514,323,836,901,711,523,590,783,400,273,18,663,24,856,921,793,795,34,419,103,168,174,561,184,440,314,378,635,62,333
334;197,327,137,780,462,211,339,916,340,727,345,153,474,420,871,364,492,942,751,626,754,498,180,52,821,630,334
335;448,32,482,932,713,811,588,973,622,561,914,918,535,25,955,957,335
336;896,131,458,714,461,398,526,78,18,342,855,343,24,539,605,992,608,230,361,941,238,882,498,435,691,627,629,632,336
337;608,769,322,738,802,515,934,231,295,616,521,140,236,463,849,466,915,307,313,346,411,636,337
338;576,771,740,6,8,906,171,752,625,723,149,758,56,508,351,703,338
339;160,354,99,772,37,199,808,396,652,624,692,500,276,726,312,59,339
340;128,901,902,136,776,969,905,585,9,906,526,463,16,529,664,347,353,163,228,614,296,681,439,248,697,379,252,189,318,511,340
341;547,804,6,840,941,18,307,691,84,726,375,695,55,313,731,341
342;705,418,387,5,70,102,998,713,555,556,622,334,143,593,562,242,244,917,441,285,735,863,342
343;530,708,340,645,937,122,186,126,175,607,343
344;640,737,228,516,680,840,523,205,782,399,976,16,656,145,658,947,371,659,181,695,601,667,188,991,344
345;517,709,137,169,714,335,15,655,947,500,821,342,695,824,152,601,860,925,345
346;417,101,584,747,589,974,340,245,88,216,633,507,700,926,255,543,31,346
347;392,713,73,650,526,146,469,602,863,543,97,98,100,229,805,295,167,103,488,809,554,811,557,816,117,758,889,187,575,347
348;129,514,34,355,102,648,908,80,336,913,498,434,276,340,341,469,374,665,761,988,221,317,797,348
349;128,386,323,230,423,968,106,171,332,430,271,783,854,663,471,599,792,153,954,764,735,349
350;482,867,997,5,230,263,200,298,810,302,750,142,559,592,144,145,83,342,247,632,24,250,671,350
351;64,387,323,261,518,968,842,397,525,910,592,720,529,658,724,919,664,283,924,669,29,797,349,861,867,742,295,318,351
352;417,868,647,552,749,973,14,782,879,306,850,602,59,92,796,735,575,352
353;128,706,130,66,203,140,657,851,406,982,152,793,732,412,996,360,424,936,296,236,496,176,948,822,183,699,124,957,382,703,353
354;706,196,516,328,73,522,395,784,530,658,595,788,852,981,480,425,363,173,431,496,497,692,308,821,309,638,354
355;352,897,163,579,420,38,518,938,364,204,749,83,821,917,597,792,636,796,316,542,255,355
356;352,801,1,65,290,98,228,294,518,679,745,907,651,140,333,782,910,754,693,565,312,25,991,319,356
357;256,130,387,324,582,270,462,273,146,595,534,87,151,728,153,28,222,991,225,489,43,560,819,697,638,357
358;707,645,263,588,844,141,653,205,785,340,660,470,600,602,616,552,236,689,817,883,244,61,765,511,319,895,358
359;32,513,993,482,738,804,134,390,231,327,8,461,176,626,18,726,695,760,794,762,986,223,359
360;320,355,387,579,516,742,902,647,935,585,9,937,298,267,268,206,692,84,534,187,987,31,360
361;354,840,684,781,494,880,816,113,18,882,952,730,668,220,361
362;592,768,721,705,452,884,357,104,174,254,95,362
363;736,512,65,450,325,968,40,106,906,399,147,116,375,25,410,348,363
364;864,64,707,489,875,941,366,177,401,818,85,791,155,604,364
365;544,448,257,129,290,643,483,932,132,356,105,137,233,714,650,842,619,715,21,410,61,991,895,365
366;769,641,546,68,228,776,969,394,907,555,909,590,496,690,755,501,504,473,91,636,60,414,254,366
367;449,609,258,901,806,136,588,173,686,623,624,402,724,599,120,633,89,731,829,413,29,638,990,367
368;803,644,806,262,871,427,748,972,300,637,31,368
369;496,320,609,51,308,372,708,373,695,989,271,369
370;721,196,614,695,312,379,492,829,94,959,370
371;641,513,37,201,746,43,780,205,847,79,911,687,497,595,630,58,61,223,371
372;515,644,452,967,584,968,397,653,654,401,531,22,982,28,160,608,97,805,742,169,503,632,120,893,61,447,372
373;480,805,135,392,780,556,783,945,948,661,629,599,471,344,376,541,319,373
374;354,755,787,695,600,201,522,924,174,559,374
375;515,549,805,72,9,138,555,813,723,214,759,698,92,732,61,830,31,319,375
376;482,419,260,5,998,743,813,718,783,112,80,499,915,152,957,376
377;801,996,484,5,651,365,398,47,783,560,849,241,660,52,853,471,955,60,156,126,639,831,377
378;768,928,226,962,899,259,486,40,73,746,522,364,847,913,54,378
379;832,4,933,359,490,746,971,812,748,78,881,819,724,661,438,55,984,665,923,764,988,701,447,379
380;199,551,584,362,912,625,722,979,884,824,249,825,92,380
381;704,515,837,614,871,584,201,745,460,205,46,462,110,655,944,368,433,914,563,596,630,695,600,831,381
382;320,704,608,99,550,970,938,301,144,145,849,821,438,919,376,218,538,285,223,382
383;929,645,325,873,272,112,817,18,307,884,436,55,444,637,670,191,319,383
384;838,518,455,839,652,336,528,918,793,27,668,159,289,674,35,739,548,804,680,296,746,491,812,560,437,956,384
385;192,1,898,260,965,326,74,206,526,463,592,18,212,345,922,161,38,364,172,430,816,433,881,308,629,375,120,121,698,316,385
386;65,449,193,833,965,261,773,330,590,718,785,84,475,542,223,224,291,427,811,556,240,497,945,433,629,634,443,380,254,386
387;256,771,776,905,654,210,275,792,538,602,283,796,99,805,680,563,437,310,759,312,569,697,761,187,447,387
388;193,390,713,396,463,271,977,275,406,666,92,609,289,418,227,675,867,427,366,47,752,434,314,892,701,388
389;226,518,650,626,597,214,313,218,90,987,125,318,606,446,255,389
390;2,312,457,937,570,859,524,188,606,799,319,390
391;32,385,226,674,518,198,7,776,809,106,235,686,848,17,786,722,947,118,731,956,62,391
392;977,322,947,295,263,407,826,379,510,943,392
393;387,937,201,910,143,240,658,627,147,244,279,123,413,393
394;963,580,964,324,646,775,842,781,782,916,214,793,794,294,616,937,236,496,306,885,693,631,696,250,702,510,394
395;640,34,869,517,501,518,902,505,730,395,606
396;385,676,36,421,488,904,10,555,908,368,625,627,596,180,982,791,377,857,602,923,396
397;801,881,388,84,54,151,312,424,889,683,446,63,397
398;513,4,581,456,266,715,271,338,914,279,795,418,551,363,749,47,560,944,375,696,507,763,635,957,958,398
399;913,628,724,982,266,732,477,430,302,111,399
400;512,947,710,71,104,632,281,204,173,109,766,400
401;193,516,8,713,137,270,529,979,212,151,280,29,414,95,223,287,226,37,550,807,235,172,181,951,632,638,401
402;897,355,550,265,490,779,908,141,976,498,757,890,219,923,540,402
403;450,964,390,774,393,211,851,83,22,919,24,794,220,860,796,799,865,228,356,679,553,172,236,623,304,434,180,950,700,316,403
404;305,369,83,676,180,581,390,218,442,250,479,404
405;354,898,99,452,7,168,683,141,205,270,719,911,592,243,308,181,442,27,893,830,799,405
406;576,545,295,808,554,138,171,299,879,623,338,661,725,889,249,92,701,382,406
407;224,144,98,579,643,611,20,823,744,217,878,407
408;193,961,69,583,967,712,713,587,975,660,983,729,219,94,287,800,864,935,231,173,884,308,373,826,186,253,509,408
409;689,833,258,482,355,982,854,72,185,953,924,623,409
410;4,934,327,825,297,874,443,428,61,749,541,542,410
411;768,609,225,769,515,36,582,838,903,841,460,45,48,819,852,20,85,311,279,376,281,667,381,411
412;992,195,423,200,522,394,81,465,981,440,888,58,667,318,412
413;737,290,69,806,838,232,843,619,654,14,398,885,858,412,413
414;512,33,194,643,199,552,521,939,268,207,144,402,918,631,984,251,828,124,414
415;480,128,996,388,165,901,294,8,393,810,879,368,563,148,821,342,508,861,415
416;130,834,578,582,807,295,136,873,329,821,54,342,407,247,472,636,30,416
417;258,515,516,175,817,339,438,246,664,696,568,154,858,986,251,669,415,959,417
418;160,484,133,966,935,522,779,430,239,884,244,215,952,888,344,152,57,921,570,380,418
419;257,130,899,643,131,645,715,972,144,274,467,342,346,29,414,606,223,288,227,423,872,235,945,565,697,185,419
420;992,544,680,424,937,842,268,879,434,147,788,25,763,731,829,420
421;131,645,648,138,523,525,398,911,271,592,209,401,658,729,27,670,289,228,43,619,236,429,751,945,561,310,568,189,895,421
422;384,2,840,587,398,915,854,600,281,219,157,93,670,549,101,873,362,175,690,627,51,372,501,181,758,314,636,124,701,422
423;736,449,513,707,101,645,7,617,939,107,268,621,14,271,440,219,989,509,254,703,423
424;128,579,644,12,270,18,407,281,27,992,417,482,739,297,810,875,174,307,372,823,121,828,701,62,127,831,447,639,424
425;289,2,578,387,644,164,196,165,965,584,554,938,593,465,753,789,150,153,633,378,699,925,414,767,425
426;704,930,706,645,358,807,872,616,138,303,978,947,948,984,890,987,670,926,287,319,426
427;128,256,196,837,651,466,916,597,278,600,347,97,742,614,487,615,40,173,181,55,119,376,507,124,191,427
428;864,448,160,866,484,264,651,523,749,302,142,815,976,49,337,725,633,154,922,637,958,428
429;961,259,196,454,939,972,717,237,142,398,15,945,722,787,948,214,279,568,153,890,956,702,767,429
430;864,897,450,738,931,3,484,37,487,968,585,363,428,429,561,498,343,503,732,316,30,126,927,430
431;577,993,289,547,644,872,202,907,779,879,51,118,822,92,702,431
432;640,960,261,198,330,656,208,851,279,216,478,96,929,163,996,485,297,874,108,748,494,307,630,952,56,504,255,895,432
433;160,417,68,132,198,742,680,362,462,206,16,113,882,210,339,595,887,88,953,697,990,433
434;0,224,740,550,842,335,751,975,48,337,913,977,338,179,150,440,313,347,958,543,415,434
435;208,546,163,435,486,646,727,567,375,763,299
436;384,579,582,618,396,620,461,46,944,628,533,917,246,566,119,665,58,380,413,285,287,436
437;0,192,133,776,75,779,845,397,846,399,401,658,402,530,531,789,855,536,473,223,799,998,360,941,943,818,504,505,446,437
438;32,546,259,582,296,105,777,778,618,749,717,15,496,176,754,820,724,822,344,602,477,574,438
439;387,579,228,359,138,13,558,535,376,344,409,857,763,605,30,439
440;354,516,357,71,808,136,203,780,44,397,878,752,498,723,598,121,313,411,440
441;212,548,468,326,374,855,456,136,616,697,441
442;257,102,903,40,527,530,21,821,472,730,699,27,893,442
443;129,388,516,390,393,906,779,523,461,272,209,147,855,663,728,477,223,738,354,39,491,561,817,114,245,506,443
444;867,936,777,369,177,882,116,756,373,310,247,472,889,763,252,156,797,381,829,444
445;740,677,140,780,206,658,83,979,756,532,533,726,630,632,696,280,281,892,189,798,670,639,445
446;800,738,740,868,293,741,581,263,969,972,655,144,466,758,440,120,571,443,573,286,479,446
447;801,198,935,775,425,329,906,144,978,564,917,629,183,824,794,891,219,188,926,255,63,447
448;992,994,36,421,744,845,78,177,369,243,51,340,438,503,409,187,573,574,222,448
449;562,323,356,870,554,507,140,685,989,254,449
450;195,835,778,846,208,977,212,981,599,215,151,539,288,482,292,422,744,426,241,305,52,884,373,630,827,891,253,61,450
451;288,467,835,595,373,822,107,573,78,591,451
452;416,965,968,617,553,778,811,939,332,560,816,753,499,471,695,665,666,830,452
453;771,37,709,622,814,398,494,208,16,912,49,117,634,668,350,453
454;672,160,513,834,258,779,12,588,462,274,888,505,186,636,831,454
455;992,928,128,33,164,485,518,422,236,686,495,815,624,818,948,342,55,312,474,923,732,125,455
456;224,673,196,326,967,810,267,716,653,269,110,751,944,465,211,563,243,533,855,921,313,474,410,347,456
457;193,196,388,966,72,104,41,618,490,491,781,210,468,308,116,213,568,604,702,457
458;64,2,580,325,517,841,11,652,461,14,209,530,212,214,919,344,857,924,415,352,482,232,114,53,54,246,183,377,381,458
459;961,994,420,263,136,586,876,812,749,429,685,334,208,625,850,918,459
460;608,64,867,4,6,903,999,713,42,491,208,81,309,344,794,123,636,317,637,125,319,460
461;6,903,73,457,143,213,21,344,413,733,930,999,105,364,813,430,623,817,882,883,502,823,55,697,507,190,461
462;640,711,648,521,843,267,459,593,402,147,788,858,864,994,419,167,42,430,368,177,310,696,569,185,313,698,462
463;0,128,709,7,459,400,338,276,469,471,408,345,794,412,734,990,545,996,550,169,620,820,884,695,956,444,124,189,573,463
464;18,930,499,133,391,808,616,924,655,719,464
465;576,832,966,839,455,74,717,589,782,846,719,848,88,413,990,224,291,168,680,939,47,687,628,949,954,253,465
466;965,263,264,265,267,75,141,462,16,466,149,345,409,796,157,734,480,611,37,999,871,680,42,817,690,244,316
467;784,705,661,405,583,376,554,732,604,77,30,47,467
468;448,915,931,340,486,952,346,666,814,799,468
469;707,262,264,841,458,910,462,593,86,407,472,666,93,94,97,293,680,42,683,686,111,752,689,691,629,187,764,574,469
470;129,514,755,579,100,394,634,443,747,492,847,470
471;640,192,329,201,842,716,461,407,217,986,26,797,545,994,995,484,933,613,38,233,938,430,367,115,58,124,509,62,383,471
472;131,711,841,460,526,849,404,724,535,24,290,291,744,616,233,874,814,625,434,498,116,500,440,825,121,186,571,60,62,472
473;672,337,114,706,228,836,805,871,107,685,974,527,473
474;769,161,738,837,998,903,681,363,941,878,753,81,82,275,308,441,155,509,286,254,990,255,474
475;673,771,901,263,744,9,235,271,242,18,949,630,278,663,120,536,93,222,475
476;769,163,869,973,45,782,399,368,274,242,275,884,53,88,888,794,476
477;576,641,645,261,390,871,455,617,300,431,949,661,117,694,279,439,892,156,252,61,477
478;640,513,257,641,961,898,652,205,534,342,280,986,542,606,926,673,676,677,231,487,936,873,498,374,631,569,187,255,478
479;386,517,646,519,263,394,272,403,211,854,410,603,412,860,95,803,291,612,935,427,46,242,628,825,570,187,511,479
480;545,226,964,678,41,938,140,300,398,820,348,574,830,480
481;865,355,356,136,392,520,715,910,687,784,912,883,564,597,696,376,346,735,481
482;384,962,325,586,397,846,147,19,212,276,216,796,605,96,609,420,484,362,43,558,500,436,53,572,830,702,482
483;640,611,260,836,615,266,939,557,305,563,531,212,788,959,483
484;832,513,709,197,712,76,77,784,16,658,659,596,405,21,791,153,858,796,668,608,290,932,679,497,118,886,951,891,957,958,484
485;65,5,263,201,653,717,14,911,83,661,469,725,341,155,795,988,672,161,930,100,613,938,563,435,117,951,250,890,639,485
486;963,964,777,523,203,974,916,277,857,219,32,672,226,37,40,104,746,939,882,307,53,437,568,826,58,486
487;928,930,227,387,228,976,785,754,115,438,760,505,703,487
488;817,584,202,810,939,732,62,910,430,462,488
489;96,385,545,644,838,487,588,495,852,854,438,919,824,190,735,607,159,767,489
490;769,193,386,582,455,716,397,786,659,26,795,287,417,737,741,101,421,805,38,39,936,750,942,431,561,178,243,949,888,447,490
491;576,612,838,614,231,138,683,76,781,430,782,625,530,884,948,407,856,509,491
492;576,193,385,130,517,390,6,712,328,400,82,86,279,87,479,417,104,877,177,305,115,243,308,695,317,492
493;896,645,327,647,652,271,658,979,724,790,214,663,216,159,289,225,100,165,743,615,936,809,44,432,695,503,953,697,378,317,493
494;897,803,523,907,428,652,973,334,721,660,884,501,373,696,792,729,666,123,636,494
495;514,67,196,585,460,205,404,660,213,277,601,604,989,161,482,422,302,943,177,884,245,54,185,249,827,125,829,495
496;513,931,867,963,388,649,875,268,813,272,979,758,889,986,507,189,496
497;577,739,100,644,101,745,201,553,297,938,459,492,623,882,978,722,946,916,116,281,763,155,285,575,497
498;672,320,801,101,293,997,328,521,876,653,431,113,274,116,117,949,469,279,599,604,383,767,498
499;897,386,196,135,77,466,338,213,984,281,409,31,164,868,358,41,364,300,750,431,177,820,117,824,953,445,189,125,499
500;0,3,517,911,593,794,666,795,543,479,801,741,487,936,361,299,107,173,623,561,180,183,439,766,767,500
501;258,324,73,906,336,856,218,282,541,671,482,483,420,485,554,939,429,174,622,304,881,691,183,379,251,764,381,62,382,501
502;258,67,644,485,712,715,428,588,141,495,82,150,439,343,284,316,255,447,502
503;737,881,402,661,886,391,107,780,492,845,111,63,503
504;260,454,71,911,16,659,917,918,342,88,216,859,541,803,296,42,939,497,946,754,371,887,249,889,60,831,504
505;768,323,711,265,975,210,853,21,469,277,662,790,728,605,672,931,299,813,45,302,563,116,311,888,121,443,505
506;387,99,580,488,332,845,685,365,750,143,432,656,467,215,56,506,731,603,573,671
507;448,672,3,323,837,393,265,813,462,400,849,337,625,822,23,727,632,664,794,315,507
508;320,195,803,36,997,104,681,10,298,589,976,721,531,22,408,827,347,508
509;384,771,901,71,845,911,848,784,210,85,663,730,925,478,992,38,998,422,743,615,937,939,562,692,372,183,574,509
510;834,868,133,104,649,585,555,974,143,560,49,499,885,630,59,636,447,510
511;544,1,131,7,616,843,748,908,45,16,817,55,250,251,540,511
512;321,387,260,101,774,710,358,711,714,430,52,468,406,150,119,440,825,731,667,512
513;112,754,868,884,695,855,280,938,107,235,348,513
514;835,516,903,457,74,650,202,846,207,210,787,917,216,412,30,227,681,937,301,692,568,888,251,444,702,127,514
515;896,738,386,482,995,611,293,37,390,301,464,688,881,722,567,23,728,538,90,763,700,541,414,959,515
516;896,931,902,40,169,42,427,844,270,335,276,342,247,279,762,698,894,415,516
517;961,835,356,646,166,711,135,969,393,844,49,242,374,278,407,311,541,383,517
518;231,329,970,203,432,817,18,148,662,695,247,379,510,518
519;593,913,178,52,292,598,38,119,124,877,95,519
520;354,163,933,973,302,46,625,18,52,793,731,732,605,520
521;640,68,6,455,328,72,841,649,842,973,14,335,16,346,476,288,420,999,301,685,942,47,815,945,178,761,378,122,955,319,521
522;674,515,451,804,966,262,326,871,39,679,942,302,656,689,51,468,788,181,886,406,793,91,522
523;386,130,3,965,389,197,710,455,203,525,973,466,409,794,923,866,930,419,484,229,999,680,682,812,50,632,572,893,382,523
524;130,3,389,72,650,588,528,336,722,84,918,984,731,989,158,672,866,290,227,37,871,811,44,431,690,178,694,888,446,524
525;290,839,137,266,463,400,592,851,469,310,632,248,761,540,797,62,525
526;290,677,842,77,814,239,401,146,566,600,57,186,859,892,382,831,447,526
527;707,452,10,586,76,464,529,20,982,470,472,155,668,413,96,742,747,685,49,114,242,885,310,826,700,61,638,527
528;321,579,421,965,362,973,494,462,468,87,377,313,411,475,477,94,528
529;768,257,898,515,931,773,517,199,520,688,561,114,818,948,821,469,630,503,280,632,252,478,529
530;592,498,562,755,804,212,422,583,796,430,879,530
531;816,832,0,130,435,548,644,73,971,781,829,95,531
532;64,899,260,68,261,197,389,969,11,396,140,269,398,718,851,341,792,733,991,160,681,747,817,433,117,319,532
533;352,449,386,579,932,356,581,134,102,681,426,619,875,716,622,821,920,26,410,955,316,991,533
534;194,482,677,295,40,42,974,689,244,821,663,792,857,93,863,767,415,534
535;514,675,484,70,552,841,875,175,945,981,118,503,759,855,952,152,473,410,27,253,535
536;66,677,838,744,394,938,906,558,526,270,719,464,625,402,661,854,534,151,599,824,24,89,380,536
537;417,868,709,680,332,976,945,273,497,754,467,629,439,634,411,539,283,830,255,537
538;545,994,99,3,131,709,784,177,337,883,629,406,791,539,538
539;544,673,162,803,580,791,567,908,190,255,539
540;288,304,242,790,23,88,282,74,972,143,540
541;994,835,643,231,40,585,811,237,814,880,176,818,757,854,311,249,313,89,763,155,285,959,541
542;514,259,99,486,712,713,778,746,237,398,657,690,889,601,220,156,828,861,990,542
543;16,992,770,947,275,709,134,969,236,141,543
544;704,930,612,165,167,456,809,268,815,626,659,756,277,438,310,727,155,475,27,544
545;288,642,740,228,36,837,456,73,714,554,851,628,148,279,439,605,545
546;769,705,195,904,713,908,909,718,206,531,148,598,857,665,666,669,925,222,34,164,679,552,873,107,945,626,690,56,761,546
547;448,196,68,36,710,358,263,73,873,329,174,142,787,694,279,761,987,283,255,547
548;2,3,99,644,134,200,778,843,267,435,595,21,860,548
549;609,769,324,581,746,491,172,242,754,467,179,436,21,343,120,248,762,890,349,253,159,549
550;579,137,970,202,460,399,979,85,149,789,150,216,859,28,348,481,419,356,293,741,487,298,938,493,112,688,436,443,550
551;705,131,9,652,973,910,206,209,722,787,532,23,473,474,155,924,477,671,999,745,875,753,51,695,249,767,551
552;226,580,965,824,136,217,186,106,844,252,173,158,552
553;448,903,135,455,840,842,460,14,207,591,400,81,465,661,533,348,925,670,159,866,871,877,47,945,498,565,699,251,553
554;770,162,610,227,196,935,73,394,11,77,495,657,51,565,149,53,89,314,634,764,894,554
555;576,866,323,805,519,776,234,459,975,210,563,755,500,343,346,827,540,924,766,555
556;209,82,453,21,327,856,968,347,28,861,556
557;128,227,867,99,228,901,616,200,106,10,748,973,653,176,112,720,945,244,628,692,63,511,557
558;384,193,132,261,709,200,588,653,207,466,979,405,469,150,854,472,88,473,420,741,108,749,174,622,946,434,436,60,895,558
559;193,705,354,708,965,966,647,712,424,74,140,462,79,111,177,818,50,790,633,377,729,26,989,798,559
560;130,258,195,3,165,741,710,905,940,460,173,14,334,686,335,849,82,54,983,921,59,125,382,254,560
561;644,583,297,235,783,660,439,183,953,25,794,893,125,638,561
562;392,138,787,84,661,727,279,984,25,986,602,797,989,669,992,161,162,359,490,618,299,492,364,945,756,562
563;194,867,4,677,839,680,105,76,269,685,494,145,81,849,373,662,632,474,986,858,670,563
564;128,641,129,386,579,904,969,331,652,396,12,846,526,147,535,986,92,413,349,94,287,421,999,680,746,943,175,623,371,184,564
565;802,835,167,171,621,845,78,687,976,369,978,243,851,533,661,761,378,763,220,637,477,565
566;384,738,36,582,550,839,775,521,907,430,79,527,560,57,566
567;97,897,579,644,645,615,807,296,458,74,812,109,590,271,753,51,947,374,153,857,570,221,895,479,567
568;322,195,548,581,6,295,680,937,810,460,980,89,858,986,477,286,255,568
569;832,65,902,137,265,714,718,788,405,215,856,794,666,476,670,607,354,931,164,298,875,427,430,302,559,57,446,569
570;96,865,227,195,101,394,747,75,624,338,565,438,408,26,986,605,511,570
571;964,485,869,682,683,523,140,205,975,47,656,881,146,82,789,918,758,476,61,991,895,571
572;928,289,257,164,4,996,329,585,370,51,600,730,91,444,989,702,863,991,895,572
573;131,712,203,779,462,718,238,531,694,985,249,764,415,573
574;898,835,328,267,525,15,661,726,987,988,925,992,421,295,296,557,749,301,878,815,307,246,892,700,893,765,574
575;816,545,802,130,579,883,388,39,888,812,892,621,575
576;832,353,867,740,36,964,197,488,904,649,976,337,788,724,597,599,792,155,253,415,703,576
577;611,934,584,362,748,653,560,978,984,408,440,282,317,95,577
578;354,323,773,261,102,682,747,398,750,79,431,527,433,273,977,691,374,695,472,664,346,506,955,381,578
579;738,66,259,741,454,394,139,77,333,272,147,759,823,568,637,733,222,799,579
580;768,323,357,808,264,233,780,846,879,464,690,788,244,572,478,580
581;256,609,802,420,361,714,331,273,562,244,692,757,821,310,90,378,122,477,701,510,581
582;259,963,456,76,788,22,279,921,539,348,734,867,169,937,426,301,685,689,55,760,697,186,314,507,381,582
583;193,641,260,644,777,137,265,656,273,404,596,150,985,351,99,355,678,934,615,427,299,750,880,560,562,564,248,313,505,583
584;672,995,645,774,72,969,522,683,843,11,49,626,820,692,533,373,123,830,734,991,584
585;160,226,899,292,678,423,936,394,843,939,332,270,979,212,725,184,537,121,921,188,62,767,895,585
586;389,71,328,10,333,78,976,464,595,340,724,24,345,159,679,171,748,430,47,945,115,372,821,952,505,57,315,319,586
587;99,419,644,612,933,808,298,394,172,686,239,656,498,345,250,187,348,587
588;193,514,965,838,396,204,974,142,975,148,218,219,348,797,221,30,224,673,354,290,420,109,368,819,635,830,588
589;1,419,102,454,136,424,458,842,15,528,529,436,820,56,664,730,284,156,28,60,892,318,766,589
590;832,385,402,914,213,840,680,937,778,955,395,815,590
591;417,161,419,837,325,710,360,681,937,586,920,827,924,189,318,95,591
592;800,864,291,547,37,518,710,679,873,395,44,143,17,787,435,340,598,918,630,505,794,219,635,592
593;402,947,820,357,677,629,758,856,602,58,734,593
594;609,930,227,612,966,553,108,271,688,752,337,721,375,663,344,442,315,956,220,30,639,594
595;736,904,521,458,172,716,364,365,269,141,143,753,818,52,535,599,729,378,188,477,63,191,595
596;644,199,264,138,14,398,145,980,276,725,920,729,666,477,799,226,163,291,548,420,933,38,999,490,318,894,447,596
597;577,803,356,229,902,294,231,297,425,619,812,655,850,275,947,916,116,789,341,119,537,729,987,796,597
598;770,68,132,710,459,523,850,467,726,600,221,94,930,99,805,357,617,491,875,235,366,431,111,944,635,380,381,575,255,127,598
599;704,513,131,842,210,663,731,603,990,994,99,611,741,293,998,999,874,686,882,118,183,889,58,314,571,316,253,599
600;576,129,865,130,514,739,355,451,579,101,677,517,454,328,74,235,751,112,787,403,244,153,219,828,600
601;641,481,327,424,777,521,170,171,843,332,943,271,207,783,561,658,565,440,794,667,251,92,221,989,601
602;708,388,901,838,327,904,847,337,914,150,280,28,926,96,421,870,425,621,431,176,624,112,241,754,376,825,314,442,702,602
603;516,836,101,391,873,585,969,74,684,942,115,436,55,888,954,252,223,603
604;387,965,843,716,12,399,144,208,599,283,996,612,869,426,173,754,178,50,951,442,571,123,699,252,125,958,604
605;0,865,770,546,260,390,9,233,299,524,44,719,207,560,689,849,244,982,666,27,155,958,990,605
606;114,660,436,585,713,938,747,684,206,767,895,606
607;992,834,102,551,455,203,140,559,852,53,472,920,505,186,123,283,607
608;33,385,610,611,707,548,677,230,148,980,212,756,116,20,405,377,121,667,608
609;512,897,225,389,936,809,779,204,717,494,783,368,272,720,210,850,18,629,440,313,730,349,94,609
610;370,386,851,5,951,137,474,603,716,654,366,610
611;833,899,67,646,712,968,972,863,96,352,673,482,164,421,873,171,875,44,45,752,50,242,434,563,115,564,376,189,253,574,611
612;384,705,195,356,935,395,813,532,52,84,660,981,406,631,120,312,761,89,250,764,925,638,606,612
613;593,273,209,276,804,116,565,550,136,444,781,863,613
614;513,65,449,450,451,967,903,137,846,271,400,594,147,406,662,792,348,798,95,736,737,548,556,109,46,430,431,308,765,614
615;96,867,709,455,652,306,883,852,853,183,344,826,282,218,95,127,615
616;256,786,404,263,376,972,508,429,973,415,831,616
617;896,706,581,5,712,526,16,405,21,22,472,88,857,346,287,607,161,610,931,420,165,872,618,239,689,247,444,189,957,893,617
618;898,644,325,389,264,651,846,464,338,531,979,853,601,859,413,287,805,940,45,240,690,310,567,761,251,830,618
619;675,387,582,103,170,587,396,142,496,148,276,694,983,59,31,619
620;514,899,388,391,969,683,555,747,109,719,752,913,979,374,375,631,600,729,473,601,698,796,620
621;257,388,645,838,905,521,363,331,236,812,716,525,622,718,337,467,182,344,952,217,793,27,348,541,621
622;4,580,522,907,719,592,789,149,987,350,862,607,992,356,36,40,299,236,686,623,689,434,247,507,189,575,622
623;194,484,870,744,200,201,554,874,428,15,399,816,561,241,18,946,660,725,695,635,797,318,959,623
624;960,386,162,35,260,838,199,520,396,495,752,883,948,852,565,982,215,599,121,222,414,63,624
625;384,388,394,400,401,984,88,26,477,478,928,929,161,228,38,297,939,620,369,884,247,184,313,121,253,625
626;34,548,900,966,839,71,266,493,724,438,24,536,506,123,733,29,958,766,126,626
627;576,386,711,528,726,90,30,287,992,803,677,614,998,619,432,114,179,950,246,183,697,761,634,570,891,381,627
628;928,321,947,196,404,212,373,838,407,302,175,367,628
629;162,674,3,868,101,583,76,46,400,403,404,148,981,821,248,26,571,540,317,415,629
630;576,385,649,394,266,589,814,335,849,625,914,243,628,55,123,28,604,253,703,630
631;672,738,979,41,602,123,188,636,172,556,574,703,631
632;802,962,965,520,745,41,75,651,652,332,879,719,753,241,822,951,440,664,954,699,988,287,31,632
633;384,521,649,650,139,77,273,337,595,531,599,152,673,99,872,234,874,811,556,44,239,183,695,631,954,762,443,765,895,633
634;576,132,391,775,650,267,789,21,663,152,792,30,671,740,294,295,170,236,942,878,366,307,116,949,764,447,634
635;113,593,674,168,809,394,509,653,190,415,207,635
636;449,388,966,647,393,9,207,466,915,278,344,796,991,677,487,233,298,173,686,496,818,498,883,117,696,507,956,61,636
637;832,771,325,711,780,595,916,471,28,413,30,32,224,355,995,357,742,362,619,493,560,948,889,122,315,443,511,637
638;833,961,769,902,647,840,846,848,16,341,149,982,89,538,670,864,161,739,805,38,230,936,237,622,687,560,638
639;384,32,386,676,644,933,325,935,327,713,619,13,721,599,247,632,985,473,285,734,671,639
640;643,517,648,841,586,590,465,914,984,664,668,608,487,872,554,235,815,629,822,696,952,122,315,956,445,510,640
641;193,577,773,71,459,271,528,336,146,915,918,923,411,924,540,96,736,867,550,487,743,811,748,685,624,817,53,631,698,956,641
642;675,324,166,646,297,745,458,10,907,684,494,175,944,531,563,820,468,181,437,919,443,255,642
643;480,481,676,325,294,233,681,170,108,207,593,117,186,571,859,700,61,643
644;962,770,323,643,261,518,455,776,73,337,273,212,213,725,86,214,791,219,669,430,688,944,179,756,53,823,56,953,644
645;770,836,7,264,712,460,403,852,22,793,412,988,94,414,357,677,871,745,364,748,430,369,247,504,316,511,645
646;450,523,911,208,273,724,87,343,217,541,609,353,226,355,995,931,996,488,744,874,109,429,496,370,51,245,567,953,249,442,646
647;864,978,626,37,198,646,648,456,602,764,206,15,647
648;145,642,691,580,55,24,504,364,173,574,447,648
649;384,960,675,969,202,330,300,461,589,913,819,499,212,852,596,245,311,475,477,221,925,639,649
650;800,704,805,133,677,747,815,592,912,852,600,697,346,28,61,255,159,650
651;513,258,643,900,82,403,788,980,216,728,280,536,600,729,26,923,796,288,96,737,161,804,678,41,170,817,179,950,54,573,651
652;416,545,194,643,357,134,456,298,333,79,409,476,860,636,893,61,159,652
653;544,33,897,289,706,967,615,905,907,843,589,559,783,952,888,857,474,90,891,956,830,702,653
654;544,994,771,646,263,424,233,299,971,144,436,789,727,504,668,797,654
655;224,64,769,965,358,680,298,651,334,80,978,372,981,790,342,535,154,922,763,828,655
656;579,68,454,679,7,234,363,747,593,82,598,24,924,189,479,656
657;738,740,271,463,912,755,435,278,726,987,603,188,382,657
658;864,387,4,325,709,489,779,557,334,111,145,211,789,469,535,536,985,665,892,924,893,509,658
659;96,865,161,871,521,361,555,875,877,594,563,52,693,565,949,214,118,696,58,507,156,659
660;640,896,131,900,645,70,843,844,783,15,17,19,213,470,161,933,44,620,433,369,308,440,123,764,252,660
661;518,264,585,268,269,718,399,594,597,983,409,345,283,799,931,487,680,552,489,173,495,176,950,249,826,60,661
662;868,101,871,40,41,586,10,522,940,524,140,206,336,18,147,84,981,54,982,664,861,662
663;480,128,546,834,419,515,197,741,966,807,552,556,108,241,817,663,760,664,794,219,91,158,895
664;577,899,69,325,806,615,519,42,842,749,621,592,401,50,373,602,123,860,664
665;0,613,133,9,393,810,139,845,526,753,244,148,117,981,630,182,953,25,666,891,703,665
666;530,706,643,583,40,121,778,364,236,524,463,111,666
667;97,386,331,108,974,595,883,276,182,470,474,858,380,797,925,990,667
668;544,707,100,197,746,141,557,782,495,656,784,210,664,221,669,798,703,668
669;640,256,1,771,197,74,658,596,853,790,471,25,218,346,287,927,992,736,227,35,676,486,806,553,937,751,815,311,761,442,669
670;0,386,708,486,904,748,496,144,720,592,752,371,19,437,181,600,729,57,26,794,348,734,670
671;480,804,836,358,173,398,787,404,406,283,956,924,765,541,543,31,671
672;993,835,901,903,104,936,11,15,818,307,884,727,921,57,731,284,638,94,672
673;672,640,451,486,38,265,394,682,140,236,16,213,728,665,442,379,540,510,222,351,831,673
674;96,32,581,264,266,714,298,75,363,301,847,499,598,246,375,890,924,674
675;384,129,582,391,300,141,557,589,973,47,272,400,979,470,823,888,856,121,410,381,638,675
676;960,385,897,901,710,777,204,718,276,599,984,668,541,414,350,672,929,34,418,679,810,46,622,563,822,54,568,58,891,676
677;417,517,965,202,74,458,939,717,621,590,14,562,691,500,533,214,24,281,893,862,677
678;960,34,515,292,933,680,74,493,947,725,374,22,567,314,764,509,574,383,678
679;324,805,357,358,999,904,424,392,937,553,715,267,747,396,13,878,86,603,700,734,607,671,679
680;193,611,582,742,199,683,459,12,77,83,662,630,918,854,887,279,760,156,63,680
681;993,900,996,516,420,806,711,647,105,138,875,365,302,304,785,466,754,307,725,853,122,347,318,415,681
682;611,803,163,708,422,839,551,871,393,298,490,972,493,559,561,947,246,634,956,317,254,767,927,895,682
683;547,260,263,39,808,585,777,330,267,780,943,816,752,273,818,89,665,26,350,991,683
684;128,864,66,263,202,844,109,878,371,87,221,445,255,684
685;34,674,515,902,520,40,425,554,717,846,815,239,82,530,533,118,759,508,685
686;69,7,263,968,331,844,204,144,595,789,791,664,163,229,236,47,625,308,436,629,693,373,826,59,895,383,686
687;448,3,260,516,910,723,339,724,532,148,346,668,221,414,992,354,486,998,808,488,362,748,429,622,764,687
688;195,75,172,464,563,84,630,663,407,472,280,888,346,698,61,447,688
689;1,417,868,296,778,877,848,273,275,532,564,247,248,793,442,539,689
690;352,743,71,487,75,620,844,492,783,751,592,498,467,19,660,693,951,248,25,764,765,62,159,690
691;322,263,907,459,716,334,142,529,339,275,21,790,152,475,732,801,743,236,366,367,432,497,371,181,950,438,184,505,123,958,691
692;130,134,326,423,199,844,13,558,783,463,179,983,88,316,573,703,692
693;672,293,806,871,265,14,848,881,115,660,888,281,25,250,284,252,861,693
694;384,832,770,775,920,986,348,29,864,865,292,743,424,296,490,939,432,304,433,625,369,179,948,440,441,571,508,639,694
695;224,353,130,131,196,550,778,939,592,948,249,826,90,603,508,413,317,893,125,575,695
696;257,801,482,740,325,453,743,167,584,168,746,523,11,747,108,941,849,498,372,247,151,730,666,478,696
697;800,897,578,905,73,877,785,305,436,278,57,857,474,861,637,831,95,697
698;384,132,7,202,139,270,658,595,533,981,663,537,795,91,673,481,930,486,554,43,951,184,185,377,699,317,765,698
699;224,161,804,228,421,294,391,711,937,585,491,176,115,564,756,120,25,313,314,541,479,127,699
700;672,194,328,459,460,749,77,48,786,916,344,473,639,700
701;961,610,642,963,676,262,555,974,527,175,463,400,18,946,918,311,697,156,445,765,94,701
702;704,768,389,838,583,594,850,979,468,150,918,346,926,991,354,357,486,40,235,624,369,242,437,310,633,441,254,62,702
703;547,390,8,521,427,625,117,501,438,918,666,155,381,29,670,959,703
704;320,224,608,388,199,391,871,232,776,842,971,491,492,112,273,723,310,184,953,985,475,542,704
705;480,304,449,403,51,725,197,743,217,652,270,110,705
706;80,595,405,885,712,441,442,716,140,892,110,706
707;832,672,65,897,993,962,162,228,581,298,875,272,915,307,468,87,952,602,986,828,925,574,991,707
708;768,355,228,742,135,808,940,237,526,399,595,243,54,470,183,696,568,218,922,93,708
709;450,585,76,654,910,848,81,338,851,597,23,989,414,222,800,613,870,422,426,750,112,624,504,505,121,890,444,380,829,831,709
710;898,6,582,10,15,976,913,210,403,467,340,858,287,481,226,99,167,492,557,493,240,182,120,888,509,829,710
711;66,261,72,713,330,979,147,789,981,727,346,858,538,484,102,934,107,302,432,821,247,888,570,251,702,767,711
712;705,259,901,329,458,203,529,146,474,666,32,480,547,805,741,550,103,807,40,687,304,306,823,249,889,712
713;705,275,19,211,723,725,279,536,665,473,923,731,91,668,413,158,994,101,295,361,236,175,884,758,950,957,831,713
714;708,965,454,646,263,138,780,653,338,530,466,791,152,923,283,414,95,735,996,552,233,876,941,366,177,305,434,629,565,714
715;512,708,710,262,487,493,302,911,400,371,948,180,479,575,715
716;97,102,966,870,903,200,776,424,464,115,406,185,953,445,716
717;740,70,646,72,937,330,464,853,501,280,699,285,733,511,479,717
718;448,193,867,196,708,101,299,204,972,13,338,850,787,51,567,153,283,604,509,718
719;194,611,292,997,453,198,199,679,584,396,270,304,912,657,209,181,597,537,955,187,510,926,719
720;640,705,775,585,203,204,463,338,914,662,728,987,923,797,159,864,481,805,806,878,750,431,180,629,183,380,720
721;608,352,34,610,258,136,616,521,41,298,970,267,523,333,50,883,819,85,120,154,91,411,957,190,721
722;96,481,803,964,872,744,745,938,746,747,108,467,52,950,55,987,924,381,189,830,722
723;34,802,841,650,362,461,718,724,436,247,315,828,892,893,94,723
724;386,518,491,268,207,819,276,212,308,183,58,28,350,724
725;738,322,740,229,357,742,298,460,942,463,911,625,434,757,824,892,725
726;240,209,769,677,390,871,618,779,507,317,477,654,726
727;322,643,70,81,530,19,275,281,346,604,159,993,227,743,808,750,303,304,433,177,49,306,694,247,441,698,126,727
728;960,962,71,519,73,331,13,975,850,408,927,223,417,548,229,421,359,104,680,556,878,371,563,437,120,572,956,702,728
729;544,932,392,329,266,42,586,10,142,592,979,467,758,253,637,729
730;0,449,130,772,965,902,650,336,81,721,914,147,982,22,603,924,606,96,356,297,491,172,890,635,508,702,62,730
731;80,802,515,836,5,870,790,747,143,911,731
732;641,98,424,169,235,268,525,46,48,727,983,794,606,732
733;130,133,518,398,911,597,790,215,919,668,220,798,95,864,929,545,354,612,233,938,299,811,431,113,181,182,56,187,733
734;192,834,387,8,777,649,780,462,144,273,533,541,290,100,294,998,742,943,628,951,119,188,62,63,895,734
735;193,709,905,329,779,460,783,722,606,990,926,543,671,802,226,676,357,230,870,873,555,365,815,881,882,889,735
736;705,258,835,70,902,200,460,333,590,142,917,982,599,218,90,795,354,552,171,236,495,115,307,564,372,437,184,633,187,318,736
737;769,642,450,133,328,649,201,843,525,88,857,28,929,674,677,165,294,41,174,814,500,309,311,887,697,379,60,737
738;32,320,865,354,162,774,678,390,361,841,619,880,17,818,787,947,53,501,439,247,953,91,863,738
739;0,320,256,131,199,328,201,330,398,911,335,977,724,469,537,478,543,97,993,164,292,741,293,869,939,883,887,186,63,255,739
740;256,321,97,481,931,391,522,364,44,653,558,942,974,752,952,441,794,218,219,958,740
741;192,516,773,71,328,589,461,847,592,851,340,661,281,220,668,476,988,93,285,990,607,162,355,936,41,108,693,502,889,509,741
742;545,482,4,101,119,967,585,587,75,494,742
743;769,995,278,759,9,425,90,426,154,236,989,494,743
744;161,321,419,805,488,715,43,939,845,527,369,275,563,980,597,987,124,158,744
745;896,960,772,656,272,402,850,276,663,410,155,539,354,744,297,809,682,556,238,688,242,306,690,506,573,446,126,745
746;992,1,258,645,264,232,168,841,811,718,975,79,464,81,693,635,127,746
747;673,871,711,775,490,906,81,561,625,659,694,536,25,747
748;160,416,931,163,997,807,937,42,76,620,143,464,115,822,662,472,504,25,665,349,733,94,748
749;704,898,899,326,519,8,779,268,717,334,335,657,791,859,931,485,294,744,683,238,888,824,569,633,763,446,382,749
750;130,132,389,74,204,526,81,275,215,601,603,156,861,477,991,927,998,486,359,679,168,552,424,44,815,944,561,250,252,639,750
751;129,675,900,839,490,586,587,620,656,563,470,535,120,538,411,732,188,751
752;260,519,199,585,459,206,725,661,857,409,924,605,542,672,34,995,550,232,881,370,51,883,631,120,441,251,123,752
753;688,272,48,277,250,427,957,781,350,446,753
754;512,0,2,963,296,616,425,715,910,243,180,213,373,341,634,754
755;640,577,66,520,396,206,17,728,155,156,669,287,97,98,170,299,369,561,754,562,373,566,822,696,569,826,755
756;672,257,706,739,935,490,108,717,116,981,760,925,30,756
757;131,361,841,396,337,657,563,246,758,440,283,93,31,575,757
758;389,747,267,272,977,753,755,275,149,693,214,474,442,603,508,797,61,863,758
759;512,419,837,517,678,103,744,809,591,241,690,499,856,153,507,508,927,759
760;642,723,356,134,390,120,408,681,362,108,845,110,760
761;0,994,834,66,3,932,357,74,335,245,470,118,599,536,796,701,761
762;481,420,868,901,583,39,105,169,458,459,363,497,19,755,179,693,991,159,31,762
763;256,838,202,590,336,721,407,600,411,287,607,160,609,161,610,676,37,875,111,815,304,689,757,758,766,763
764;418,995,196,420,549,390,423,747,877,909,526,78,465,308,55,631,920,760,409,986,154,125,989,638,764
765;64,737,420,551,845,882,117,277,183,376,985,857,923,798,126,765
766;65,4,709,650,268,463,79,720,788,469,663,409,538,155,608,421,997,358,301,943,240,503,439,119,120,57,826,191,766
767;422,295,619,204,653,942,751,594,979,51,181,279,922,188,93,926,767
768;672,560,37,998,104,72,460,508,924,541,429,559,768
769;66,451,643,261,647,583,458,910,593,209,917,537,922,475,29,413,608,289,802,866,806,881,373,950,381,509,319,769
770;384,961,772,356,997,485,358,999,711,872,425,105,269,237,239,720,660,501,313,27,284,510,127,770
771;802,997,967,233,147,212,54,122,765,638,543,383,31,771
772;197,839,9,73,586,587,140,526,143,786,726,29,862,543,546,226,231,620,941,557,111,823,634,700,573,383,772
773;644,454,456,200,425,619,367,212,53,25,889,283,636,828,895,773
774;545,386,834,162,773,518,174,814,560,658,313,121,826,732,668,829,798,774
775;835,740,804,133,326,870,550,678,167,840,136,203,109,269,239,753,561,84,534,350,831,775
776;720,514,291,804,325,885,312,633,430,143,776
777;642,547,709,7,519,904,329,106,267,141,878,560,432,18,786,824,314,765,777
778;257,5,902,262,710,711,137,972,206,978,28,669,95,801,738,419,613,422,102,39,747,172,239,817,561,50,247,439,58,380,778
779;770,517,200,713,330,463,208,914,851,471,728,921,988,546,231,875,748,52,565,952,826,187,636,381,957,779
780;135,648,651,332,398,526,465,81,530,467,725,856,473,604,28,477,545,354,741,486,488,169,811,940,942,240,241,951,762,639,780
781;833,481,611,324,325,647,775,295,136,425,299,303,816,241,17,850,436,569,985,475,763,540,220,781
782;801,770,614,806,934,457,329,106,715,11,942,143,463,528,529,850,148,84,666,862,542,782
783;64,161,65,35,67,356,392,587,77,173,942,49,721,51,756,52,278,889,153,857,30,783
784;256,385,162,867,836,644,550,491,76,397,590,690,818,919,634,317,349,735,784
785;48,4,772,469,407,488,314,634,988,156,189,878,785
786;353,35,996,938,972,237,239,368,914,530,373,184,248,124,988,786
787;386,3,71,77,80,339,277,475,860,989,798,863,995,35,747,557,690,883,628,309,694,952,568,441,125,319,787
788;32,865,834,291,422,486,263,78,400,179,438,891,190,788
789;512,897,129,450,965,839,327,329,587,335,80,790,727,473,542,351,672,226,294,554,751,114,630,122,956,789
790;544,258,354,291,227,101,581,587,907,304,945,785,179,660,788,981,310,216,790
791;192,899,520,140,780,332,588,591,529,852,352,98,227,105,942,879,304,754,372,246,120,762,634,572,381,766,791
792;933,133,617,779,684,109,15,528,818,435,502,150,58,991,792
793;897,260,807,424,681,398,944,657,531,659,311,825,666,284,793
794;327,840,201,716,269,79,144,464,721,274,467,599,600,730,540,607,224,33,418,424,555,430,174,54,505,826,379,957,509,794
795;64,992,930,868,233,395,268,464,180,148,312,763,251,188,764,380,605,766,958,795
796;136,72,906,77,653,722,406,541,733,29,479,738,99,231,936,105,106,170,428,45,626,884,758,566,703,447,796
797;960,1,449,643,773,901,135,844,783,593,915,799,224,96,226,738,932,935,426,170,367,309,886,54,310,248,249,122,829,574,797
798;192,642,898,67,325,7,647,362,429,206,686,273,470,951,89,989,957,254,798
799;35,165,336,432,80,721,657,211,339,308,341,278,567,23,123,923,124,861,94,702,62,799
800;768,9,457,329,971,909,718,532,84,980,790,607,480,100,812,688,753,243,374,695,123,701,958,126,895,800
801;65,770,403,759,120,139,316,654,830,30,801
802;388,741,327,104,106,522,494,174,368,915,245,374,279,186,91,958,255,802
803;610,386,836,740,293,453,551,71,391,968,716,46,721,311,152,90,349,478,803
804;673,833,257,711,200,265,106,145,786,659,467,916,501,310,823,631,56,795,540,157,382,959,804
805;992,163,836,8,42,203,716,525,690,918,503,791,535,855,889,411,92,605,447,805
806;320,832,897,261,774,327,713,269,595,147,22,86,794,476,417,292,676,233,171,557,302,752,48,691,947,248,953,762,806
807;704,67,964,134,391,777,973,851,916,727,88,344,474,284,605,542,926,803,228,298,42,427,171,492,301,943,954,508,637,807
808;513,194,259,648,617,842,812,143,111,16,306,723,725,409,381,285,349,94,808
809;771,387,198,199,522,843,524,271,912,145,850,478,670,734,542,868,426,42,491,812,944,562,946,820,308,693,631,312,767,809
810;129,514,132,261,709,72,137,464,210,402,468,989,30,94,420,421,489,426,683,622,112,882,502,311,120,121,318,383,810
811;514,266,651,460,204,653,463,17,593,403,864,161,225,802,483,102,807,552,105,235,747,108,109,174,880,816,121,124,319,811
812;769,515,202,587,715,846,210,151,216,794,670,928,802,738,867,741,677,362,171,624,48,50,51,628,53,629,757,694,955,895,812
813;80,945,834,628,37,587,636,124,716,942,813
814;641,257,69,390,518,391,200,968,137,266,274,658,467,536,603,415,228,612,879,368,306,948,758,699,123,253,814
815;513,225,707,710,998,424,173,589,525,110,462,145,658,692,410,58,858,475,926,222,815
816;800,417,898,323,646,647,714,652,844,464,529,853,728,920,537,219,926,816
817;802,291,69,391,872,43,908,76,589,238,848,337,373,981,346,29,817
818;242,995,422,598,6,472,776,490,874,955,462,818
819;530,531,948,420,852,390,296,56,122,555,269,47,819
820;864,288,321,641,518,295,588,686,431,50,722,370,947,84,597,695,760,472,441,509,820
821;192,646,583,969,202,80,147,790,89,94,351,736,992,675,932,165,613,869,39,743,808,745,684,54,58,821
822;418,468,677,182,630,406,440,73,987,124,381,510,822
823;192,865,546,452,171,779,235,267,588,942,14,692,181,757,826,762,124,543,823
824;128,1,259,835,836,519,457,969,974,595,724,980,85,533,86,922,476,414,675,229,678,167,490,175,629,55,825,955,316,701,824
825;114,210,868,149,374,536,778,203,188,397,590,639,825
826;385,900,518,647,7,393,777,77,974,206,786,84,789,535,537,923,670,609,554,427,174,951,634,444,381,894,826
827;354,868,6,809,683,334,47,911,881,434,725,246,471,984,409,538,859,764,701,799,319,827
828;321,801,290,554,555,971,781,525,46,978,979,51,694,570,282,922,860,828
829;577,145,2,149,182,503,359,281,474,94,829
830;0,194,965,518,937,395,177,658,914,597,410,315,571,63,159,830
831;769,609,322,675,932,198,232,233,105,555,971,749,529,917,219,702,703,831
832;434,242,179,563,308,150,359,394,959,943,832
833;832,672,576,321,354,867,326,70,392,73,682,108,623,143,656,596,982,823,247,313,410,605,833
834;897,867,420,901,390,935,807,936,489,202,717,558,655,656,753,178,727,759,471,375,732,860,797,287,834
835;768,96,418,292,644,197,583,840,873,971,493,110,495,976,273,593,146,755,83,276,983,665,188,703,835
836;4,518,328,906,12,781,397,718,598,727,729,665,601,219,987,994,613,679,555,747,365,558,751,943,944,432,945,371,436,836
837;66,196,457,969,267,652,143,16,597,535,24,793,26,667,28,673,33,39,297,301,941,366,434,179,308,695,442,635,837
838;992,932,645,327,456,744,715,556,108,526,48,17,113,690,596,984,441,377,571,924,838
839;128,641,258,261,776,458,587,459,466,658,915,661,21,535,279,408,538,219,798,228,164,617,745,562,947,186,573,839
840;736,643,611,707,391,941,691,853,601,154,923,379,447,840
841;288,802,482,291,517,134,969,779,396,433,690,52,822,759,439,505,841
842;2,330,650,651,14,782,719,79,658,852,214,856,792,344,155,733,285,547,612,869,167,236,172,429,691,374,183,249,955,447,842
843;705,98,292,837,233,587,363,495,785,84,628,52,318,639,843
844;352,256,257,770,483,548,999,135,72,841,267,12,174,143,594,469,438,886,311,537,282,410,571,415,844
845;385,130,963,330,12,13,718,847,17,662,798,543,740,677,229,613,44,300,173,238,176,113,49,371,247,312,121,252,845
846;579,132,196,261,968,395,847,725,407,88,600,538,988,290,487,873,110,560,434,565,502,310,632,57,61,766,190,846
847;737,228,70,872,650,234,42,235,526,366,878,399,112,433,856,826,539,847
848;768,256,641,708,779,653,13,16,530,275,215,279,345,537,602,351,992,801,674,354,419,811,945,243,890,571,848
849;448,514,899,581,263,8,905,140,849,723,661,730,287,672,32,675,678,553,685,174,884,311,825,697,762,250,828,636,573
850;768,2,131,900,972,462,911,913,785,978,980,345,283,27,32,421,613,360,105,939,683,815,623,307,631,888,699,850
851;962,647,520,840,907,715,719,915,213,474,666,734,991,929,33,998,488,367,431,497,625,371,243,569,572,851
852;192,193,610,2,419,195,297,139,267,365,335,241,754,530,147,53,343,506,635,572,508,637,157,94,852
853;416,258,835,837,230,360,393,906,364,12,238,527,438,666,443,853
854;321,770,933,423,775,235,461,335,79,880,531,691,468,148,566,796,30,799,854
855;961,515,868,39,363,267,533,758,246,729,154,956,125,855
856;69,586,523,973,785,658,531,470,918,986,351,927,930,36,613,102,616,489,681,44,492,300,764,316,189,856
857;578,742,200,682,269,590,15,367,911,722,403,376,505,857
858;384,451,963,579,516,580,69,207,912,530,599,93,926,237,941,301,622,431,943,688,178,946,500,308,52,631,247,954,575,858
859;384,193,257,260,199,266,908,78,463,210,18,723,471,855,920,27,930,739,292,429,685,625,241,818,628,629,442,444,765,859
860;641,389,166,839,266,299,976,497,594,532,373,853,504,473,89,282,347,667,155,413,541,543,860
861;769,611,165,262,360,748,142,755,467,243,500,756,788,21,533,889,27,221,541,861
862;864,97,673,739,900,132,487,204,559,368,81,786,371,405,566,886,954,862
863;896,384,129,449,966,328,394,526,975,336,80,273,402,594,467,917,86,348,355,997,999,169,553,618,495,243,701,766,863
864;928,353,226,388,423,104,490,331,365,494,208,496,465,147,563,308,117,441,857,604,543,447,351,864
865;450,196,516,647,840,457,652,332,565,566,986,988,766,865
866;608,386,296,808,873,204,306,52,341,822,312,441,826,954,186,27,318,223,866
867;704,385,130,196,905,777,778,656,850,595,468,277,149,727,600,25,217,670,864,551,429,941,431,368,561,179,757,125,702,958,867
868;705,774,38,71,266,42,875,685,751,944,243,470,950,534,734,868
869;195,5,838,263,391,969,398,81,724,212,216,281,413,989,735,31,928,419,293,40,424,681,298,429,753,690,377,761,319,869
870;97,65,993,994,227,99,68,100,390,327,520,872,234,748,589,528,720,529,49,562,530,339,885,923,870
871;897,323,99,931,518,583,808,712,333,623,976,400,50,626,883,660,696,699,987,222,30,223,871
872;864,258,450,2,931,837,647,168,520,680,812,813,976,147,692,121,473,442,922,127,872
873;865,641,678,143,720,48,82,691,468,756,664,795,923,873
874;547,707,548,421,455,199,905,846,656,208,17,113,178,339,468,405,600,376,281,444,319,874
875;257,962,450,165,267,398,335,944,785,81,115,372,122,26,538,123,875
876;705,644,758,22,377,570,154,972,92,334,414,876
877;352,801,449,486,839,423,935,711,456,907,684,430,878,47,50,83,573,863,607,877
878;901,327,521,523,979,857,794,795,157,163,419,101,422,617,557,302,559,944,564,884,823,185,827,958,575,878
879;704,449,904,73,779,11,13,269,205,144,922,539,606,930,933,102,237,559,751,113,369,435,566,57,573,703,879
880;640,769,454,392,522,907,268,461,783,849,84,725,87,606,863,865,866,675,165,679,809,302,303,49,371,691,887,828,957,880
881;576,322,388,70,646,462,143,336,337,787,343,153,989,991,33,741,998,557,241,115,119,634,122,254,703,881
882;129,529,933,921,809,314,877,399,431,927,882
883;578,707,8,712,458,522,138,588,77,655,464,274,658,726,30,95,803,293,680,617,301,174,750,759,248,883
884;577,194,323,132,70,774,456,649,201,594,725,983,344,156,992,481,931,35,679,42,44,749,686,112,822,503,441,254,190,884
885;288,261,998,935,653,401,625,529,979,118,284,381,61,885
886;483,451,7,490,554,555,940,236,653,749,591,496,213,949,58,886
887;673,227,771,581,591,336,240,114,83,371,403,25,378,446,734,887
888;576,801,193,355,646,617,492,684,398,623,81,113,913,787,632,346,762,91,797,254,606,888
889;193,963,630,567,600,280,125,718,687,863,889
890;66,514,99,260,534,598,713,603,158,751,991,95,890
891;577,903,139,207,335,720,338,340,981,150,990,806,809,490,811,365,48,245,885,952,890,698,763,573,446,382,891
892;194,804,132,677,747,625,242,51,310,953,730,476,381,892
893;2,839,583,969,555,684,817,434,310,696,761,634,668,797,157,893
894;464,514,259,948,677,375,249,858,443,380,894
895;582,454,583,649,714,266,11,139,651,12,146,409,153,412,476,733,990,927,608,289,803,420,680,169,691,757,123,124,638,319,895
896;321,385,707,771,422,903,71,168,460,652,717,238,495,400,597,567,824,985,187,252,510,446,896
897;452,966,329,906,458,395,910,846,80,83,467,602,540,227,36,293,294,614,103,618,170,689,370,117,949,824,443,316,702,831,897
898;899,773,585,397,271,533,534,856,345,540,669,481,97,417,612,935,999,296,938,107,368,433,946,372,630,699,898
899;273,610,372,517,934,662,328,921,362,332,173,671,899
900;64,929,995,197,394,715,876,14,335,400,882,21,983,344,378,92,900
901;288,544,385,867,265,331,300,398,462,50,342,919,314,701,957,255,901
902;705,866,67,293,295,649,783,405,373,374,154,831,223,902
903;992,608,292,997,967,456,363,395,877,301,910,943,527,498,792,793,59,764,125,830,607,903
904;514,580,485,582,104,456,970,651,139,973,782,500,502,279,119,987,732,156,509,958,446,287,895,904
905;384,321,65,450,579,645,6,391,590,783,724,788,472,797,799,611,550,616,937,301,686,241,242,370,691,758,119,824,953,58,905
906;0,770,3,900,324,840,331,398,910,144,342,406,925,545,740,676,811,491,619,687,815,690,820,184,762,906
907;672,737,161,611,741,967,551,681,362,843,909,686,879,913,81,145,660,758,23,440,954,510,907
908;320,256,419,13,718,398,655,113,788,533,918,377,474,26,478,62,908
909;961,578,390,103,620,77,719,111,976,112,371,212,888,379,59,861,477,702,734,909
910;641,642,708,581,970,335,976,528,338,980,536,926,865,163,358,619,621,238,177,307,501,373,374,55,247,954,956,959,910
911;384,194,642,418,836,678,7,359,393,875,781,174,270,879,784,113,659,278,120,217,766,414,911
912;192,66,195,323,580,839,840,722,20,791,407,728,155,667,285,350,674,419,740,165,551,46,303,560,178,884,823,831,912
913;256,947,614,231,617,667,60,77,125,749,430,335,913
914;293,454,934,231,39,648,136,264,713,361,169,331,141,432,946,373,309,312,760,506,315,914
915;416,35,453,773,933,838,552,200,136,201,686,595,852,756,884,534,343,888,601,475,891,795,574,767,915
916;448,770,387,900,264,648,142,784,529,722,979,917,853,792,473,986,219,798,416,673,293,679,938,620,368,240,501,117,251,957,916
917;96,738,386,963,324,132,6,814,686,975,595,980,629,757,765,350,917
918;832,752,50,211,710,503,234,60,477,302,159,671,918
919;288,69,423,971,171,143,719,112,211,87,731,157,349,510,919
920;896,292,708,357,199,873,268,973,813,367,145,915,117,342,855,825,475,798,255,920
921;65,901,551,526,112,434,916,308,535,793,315,285,734,921
922;321,275,868,213,473,908,380,542,734,623,922
923;736,513,805,779,688,881,754,148,248,984,442,956,95,923
924;116,660,164,277,775,40,937,556,77,302,750,111,924
925;864,33,868,423,843,302,878,591,438,758,888,601,539,123,253,926,638,447,925
926;482,966,871,104,300,974,366,302,878,559,336,753,914,946,499,852,535,632,56,122,539,988,188,926
927;640,417,1,994,322,774,103,616,937,876,237,207,210,756,821,949,663,407,600,344,954,732,95,927
928;896,66,966,906,139,80,17,657,274,470,664,93,414,927,351,32,416,227,931,871,746,234,303,368,244,693,376,126,928
929;513,786,722,964,708,6,390,987,796,318,814,607,929
930;227,932,838,973,909,981,118,312,473,602,763,475,764,930
931;899,134,936,425,811,654,80,273,306,375,759,217,345,153,605,829,931
932;64,0,192,100,388,933,645,359,267,779,876,463,240,914,532,758,87,919,472,473,58,91,987,188,932
933;1,738,483,772,324,870,999,778,779,684,174,433,561,946,341,25,188,895,933
934;258,580,904,10,268,13,143,209,785,918,472,601,538,28,284,221,286,478,863,354,931,425,299,172,306,693,760,957,253,934
935;960,448,578,580,710,137,267,12,334,526,207,401,402,277,729,412,477,30,290,680,683,556,688,881,114,819,629,184,571,935
936;898,851,68,903,312,728,826,762,59,843,877,936
937;834,515,710,456,969,521,523,142,592,16,785,533,25,350,735,799,546,803,867,805,166,231,237,813,497,756,122,315,937
938;672,640,289,869,774,935,327,907,750,718,307,883,628,598,440,987,603,827,379,124,573,765,125,574,938
939;64,960,327,584,267,779,907,525,720,20,852,661,469,985,284,476,221,928,32,870,167,808,812,878,185,959,939
940;897,577,578,772,908,460,80,722,18,980,922,346,925,989,672,803,679,360,297,239,687,179,246,380,444,940
941;417,648,362,554,459,685,847,719,271,530,84,788,374,87,413,285,94,941
942;834,71,682,570,442,874,235,379,781,109,351,942
943;288,771,197,933,327,393,202,588,239,80,661,245,630,280,377,635,764,943
944;968,842,778,171,17,754,182,151,823,953,124,701,189,254,944
945;835,900,229,906,397,334,974,526,687,241,84,341,921,347,763,926,959,255,945
946;960,773,263,583,712,394,651,142,847,21,534,23,27,287,608,805,808,744,616,618,746,811,299,690,181,946
947;68,838,587,591,336,596,916,536,602,475,347,30,159,799,671,31,417,296,941,622,430,750,818,632,506,189,947
948;37,997,167,392,76,492,302,910,847,848,241,186,571,765,948
949;96,706,866,710,809,204,108,653,718,402,435,723,820,88,889,925,63,351,949
950;899,579,201,74,911,591,981,407,536,984,729,345,924,989,478,94,487,872,556,47,177,946,819,948,250,60,637,381,126,950
951;259,547,612,837,710,745,681,621,367,530,23,283,62,951
952;160,641,801,545,178,899,3,580,24,828,463,952
953;898,963,772,132,37,294,199,488,908,396,464,980,852,760,600,571,284,509,477,831,953
954;897,801,98,898,931,997,358,678,615,327,455,680,13,205,622,15,848,534,568,153,539,286,895,954
955;930,962,260,740,613,457,236,556,242,469,310,568,89,445,955
956;192,321,481,709,715,846,110,975,431,407,858,826,254,956
957;419,884,996,229,534,873,937,762,747,991,959,957
958;81,405,981,85,744,393,794,43,203,621,61,46,958
959;258,131,136,299,268,876,45,77,462,336,816,372,439,791,216,888,890,154,284,446,959
960;326,422,262,487,263,8,746,813,141,239,86,23,504,697,960
961;960,618,557,14,369,146,435,534,150,217,634,379,252,479,961
962;770,642,34,360,712,168,41,682,274,215,953,601,539,962
963;259,388,261,134,647,8,393,658,467,404,540,476,733,862,543,31,162,290,98,995,807,875,878,113,753,963
964;2,963,388,516,391,264,74,847,594,338,467,856,153,410,223,224,417,34,546,931,611,423,105,172,564,118,382,964
965;833,577,327,584,330,428,303,944,49,593,307,86,855,856,827,606,965
966;865,97,961,134,934,294,296,648,202,939,363,940,690,148,84,693,599,25,573,126,966
967;964,292,389,135,841,300,689,210,276,885,760,666,445,967
968;65,645,518,199,10,140,272,789,213,982,216,858,860,287,927,545,997,360,872,809,110,559,47,629,757,702,831,63,968
969;0,610,67,102,647,488,272,116,309,792,506,443,764,476,830,542,969
970;545,934,806,522,44,236,460,816,179,51,723,22,984,920,90,923,827,315,284,604,255,970
971;132,710,582,678,263,583,264,266,653,369,86,342,184,762,542,222,94,254,971
972;903,967,712,273,147,148,789,152,733,928,359,487,807,488,683,752,881,883,501,245,182,696,57,761,58,763,253,575,972
973;448,353,899,259,295,136,844,174,302,51,341,694,598,761,857,411,956,863,973
974;930,739,547,483,73,652,877,686,912,688,560,817,113,755,147,501,216,923,699,860,253,157,542,974
975;528,448,176,211,149,486,950,136,521,859,702,975
976;801,161,2,98,356,709,37,328,329,842,814,848,913,19,116,148,950,24,26,475,829,63,976
977;673,132,900,421,999,874,268,844,876,814,944,82,694,29,977
978;321,194,515,611,836,228,134,168,137,106,362,685,750,48,80,656,211,853,631,889,857,539,639,978
979;451,324,646,841,778,780,461,659,853,280,152,217,732,477,29,94,160,742,167,41,621,175,560,752,753,630,377,638,979
980;69,101,742,396,44,943,176,721,467,246,534,633,957,62,980
981;320,705,902,713,138,204,397,654,464,17,785,786,723,916,917,606,352,802,422,682,746,248,825,60,764,446,191,981
982;384,963,261,774,521,205,910,782,785,17,210,404,280,287,548,676,677,102,359,489,682,428,815,241,947,53,57,572,316,447,982
983;528,497,258,946,242,292,776,344,170,298,507,847,983
984;704,257,353,290,738,389,390,678,361,841,586,44,620,528,881,247,727,985,954,986,351,984
985;928,904,872,458,779,652,429,589,495,752,18,884,981,534,376,184,218,570,635,124,29,637,381,985
986;452,453,197,521,397,78,272,468,727,344,90,733,992,292,868,358,167,746,107,876,884,821,630,825,829,986
987;133,135,807,457,75,112,881,595,981,758,919,599,312,153,409,859,735,987
988;608,3,165,391,233,43,652,685,845,497,54,792,665,154,125,477,989,383,988
989;160,992,356,581,678,72,844,556,781,622,49,305,468,532,469,85,119,538,829,670,222,989
990;961,517,37,873,527,464,849,978,758,374,726,760,602,603,990
991;417,387,68,8,425,269,333,78,846,434,724,630,504,25,826,124,350,255,991
992;387,263,651,395,464,273,466,30,287,737,612,292,422,555,48,370,691,371,819,758,695,504,888,761,252,318,992
993;417,899,357,102,199,71,392,907,44,398,307,755,888,126,993
994;576,544,419,997,5,903,327,45,974,497,690,372,852,695,377,348,669,414,994
995;672,225,228,359,679,968,329,169,906,268,974,785,754,19,628,760,604,223,995
996;160,385,435,152,956,173,621,430,126,399,996
997;98,403,340,724,6,935,971,253,621,590,575,319,997
998;962,902,649,267,333,974,719,785,979,598,345,793,282,155,35,486,491,108,877,878,303,305,689,51,436,52,822,187,380,703,998
999;864,499,406,662,217,329,905,106,58,573,831,999
