0;256,64,6,139,651,463,16,786,277,981,342,409,282,346,475,988,29,797,478,223,110,821,373,695,697,383,319,0
1;130,386,739,7,809,362,458,587,461,365,686,334,942,240,882,371,212,85,278,374,438,535,472,542,1
2;35,869,550,874,42,202,301,718,786,306,148,884,854,183,951,600,540,925,94,254,127,2
3;832,256,707,263,201,77,79,146,658,659,787,855,411,540,541,99,357,358,551,233,299,175,47,54,886,3
4;512,578,706,392,8,649,202,75,845,145,21,982,87,24,28,162,740,486,678,42,235,369,818,756,374,439,312,4
5;608,129,580,325,680,904,201,170,586,523,206,46,400,945,18,595,310,312,282,764,956,669,703,5
6;835,291,611,964,485,970,172,813,557,754,724,213,791,408,824,920,221,158,447,6
7;961,418,35,164,846,494,78,273,339,51,148,532,821,631,535,375,537,508,222,543,159,927,7
8;320,129,516,136,393,778,76,524,909,463,720,82,212,922,795,995,232,810,365,110,819,693,949,440,953,890,8
9;320,1,675,37,904,872,969,586,875,428,876,80,434,242,339,917,853,309,537,795,763,702,383,703,9
10;96,674,390,263,455,488,906,236,684,685,110,656,465,434,116,87,856,728,569,95,255,10
11;320,514,450,773,519,840,651,845,144,336,343,472,667,669,990,480,97,420,680,235,624,560,952,699,638,831,11
12;513,390,999,743,872,77,430,496,273,113,722,18,275,532,821,533,86,697,506,155,12
13;768,193,615,168,427,299,556,844,623,655,208,211,982,534,182,313,27,511,13
14;771,132,453,901,870,748,141,815,885,663,953,59,702,14
15;417,866,931,717,623,242,308,821,214,951,279,312,126,15
16;769,545,803,515,3,132,676,901,904,937,171,11,111,912,817,371,883,308,500,982,56,58,539,925,16
17;96,609,66,514,995,581,741,840,458,971,177,597,278,22,312,185,317,349,254,223,351,17
18;768,577,449,197,837,901,775,839,331,20,344,155,349,93,160,929,994,164,687,112,945,114,371,51,692,567,701,18
19;307,165,102,199,473,330,12,460,700,796,989,398,19
20;994,645,358,198,295,711,392,970,234,724,313,665,762,986,893,20
21;355,643,870,966,103,232,266,970,43,812,365,15,436,757,24,248,92,444,95,21
22;768,897,385,2,646,648,649,720,915,916,340,342,537,858,671,163,99,36,490,300,492,813,176,689,627,948,116,54,632,61,22
23;517,518,710,200,617,394,618,204,277,950,374,310,955,411,220,926,23
24;1,806,330,15,271,208,912,82,308,727,375,571,187,763,924,24
25;290,552,872,108,140,335,879,113,19,275,884,372,53,181,989,702,991,31,25
26;544,833,226,899,133,137,714,715,108,45,14,879,980,887,186,26
27;640,452,772,581,582,905,463,591,143,465,84,85,343,23,153,858,541,413,674,868,998,871,360,491,564,245,565,118,191,27
28;33,708,453,359,903,616,233,400,401,51,27,891,509,958,28
29;513,545,673,963,132,103,41,810,779,461,301,175,816,849,305,337,950,535,826,127,29
30;928,448,962,71,647,745,395,108,908,365,302,598,633,766,30
31;848,641,785,561,162,420,404,325,185,540,958,895,31
32;992,162,131,3,35,612,869,453,614,71,839,106,812,301,493,463,271,501,247,887,407,32
33;832,837,902,967,139,397,145,211,532,597,216,987,476,286,736,738,931,677,744,872,235,555,173,431,944,49,53,33
34;321,674,6,375,649,217,893,349,174,606,34
35;801,258,838,870,438,678,715,843,365,382,35
36;968,908,653,792,794,860,33,931,611,164,423,297,105,426,491,107,620,684,303,432,500,502,310,696,314,827,956,765,831,36
37;833,770,963,259,4,70,710,396,335,412,223,287,288,996,39,426,107,881,626,628,372,885,952,953,186,764,765,318,37
38;832,865,802,262,776,840,330,906,589,753,306,340,250,347,125,990,894,318,255,895,38
39;900,773,391,136,654,655,80,785,469,405,283,476,736,225,802,483,742,107,555,683,940,688,243,437,631,954,762,511,39
40;176,353,866,915,390,935,776,10,269,717,959,40
41;96,113,194,53,101,396,780,540,799,975,41
42;195,710,520,392,73,523,782,146,532,340,534,217,868,229,613,42,556,620,432,50,308,887,951,315,639
43;324,6,138,331,716,77,845,333,654,399,978,18,20,730,223,928,162,610,996,486,935,232,619,172,880,437,888,186,510,43
44;482,772,581,775,682,939,171,747,366,468,373,599,827,763,92,351,44
45;113,739,404,676,519,153,90,27,398,927,45
46;832,512,386,994,614,201,906,970,972,621,337,52,949,246,888,857,985,955,958,46
47;417,945,467,787,708,692,245,951,169,203,620,670,47
48;898,519,652,270,335,144,657,850,854,858,860,285,93,862,545,290,485,428,686,945,433,52,246,823,632,506,123,764,48
49;480,929,355,293,297,971,782,562,466,244,918,375,376,317,894,159,49
50;192,66,196,262,850,787,851,724,85,917,920,472,25,860,605,104,874,428,940,239,113,370,629,631,762,574,383,447,50
51;995,100,198,103,425,841,810,778,655,911,754,212,982,185,571,508,51
52;449,321,417,258,3,39,104,840,843,786,500,52,149,566,379,221,830,735
53;83,740,661,69,214,343,107,988,813,622,831,143,53
54;896,576,961,771,462,847,465,277,21,471,664,924,541,479,159,225,933,997,232,622,367,369,882,249,122,54
55;704,256,785,241,418,323,916,920,968,170,55
56;256,768,832,902,134,649,779,972,207,401,347,671,416,996,875,555,684,109,624,370,312,121,825,954,826,699,572,124,61,56
57;451,389,904,332,397,14,81,17,786,339,215,791,919,920,666,731,221,222,226,996,489,371,245,310,635,509,959,57
58;736,356,423,616,937,522,138,109,686,464,177,181,311,152,953,58
59;545,582,423,137,681,203,530,408,120,634,122,922,668,447,287,59
60;864,482,103,680,620,461,206,782,975,305,433,561,693,151,247,219,731,956,127,60
61;961,614,647,425,170,911,527,783,400,434,500,341,599,729,570,155,28,381,287,575,61
62;321,36,325,583,712,298,842,971,876,785,659,564,473,91,60,188,412,222,62
63;657,258,594,532,247,904,344,874,314,844,557,367,63
64;390,201,907,76,781,398,912,146,148,537,602,860,30,543,226,356,423,232,616,492,819,372,500,505,763,64
65;128,385,65,67,389,968,586,76,335,400,339,981,921,925,477,222,927,799,610,804,294,680,46,174,439,251
66;66,644,646,550,231,264,714,332,847,624,272,336,465,849,114,405,949,597,184,59,348,124,382,446
67;960,449,417,257,642,646,806,455,555,396,877,14,463,188,637,190,67
68;128,0,258,838,202,587,268,525,209,337,978,82,21,854,88,282,989,992,364,493,881,241,755,758,954,123,68
69;705,690,819,4,983,937,763,236,220,47,69
70;544,992,868,708,581,903,971,491,977,629,825,830,478,991,70
71;0,1,515,899,69,325,327,396,722,659,467,985,93,413,289,545,934,809,106,362,173,366,370,53,439,441,571,383,71
72;4,900,69,716,780,466,658,147,468,405,853,471,797,158,735,607,228,615,174,239,111,240,371,243,117,701,830,382,638,446,72
73;704,865,838,712,472,872,698,316,924,333,574,73
74;464,208,369,851,835,565,728,89,921,26,443,108,74
75;513,609,834,68,616,202,331,876,684,622,302,371,723,19,372,823,602,75
76;592,401,3,807,809,665,986,540,956,668,76
77;519,649,362,235,908,15,787,180,276,86,283,158,94,927,77
78;992,448,385,577,291,965,38,649,139,396,46,526,880,658,149,152,857,474,827,732,60,701,381,78
79;161,97,418,709,870,486,423,936,456,139,459,44,173,526,976,881,17,18,87,923,604,348,79
80;65,515,517,71,330,778,74,909,530,660,404,407,94,735,31,611,292,357,614,233,490,298,945,755,628,501,184,442,316,80
81;800,128,384,1,929,356,68,38,135,295,808,654,46,271,529,146,374,470,535,91,381,81
82;385,521,843,332,269,526,782,144,658,853,726,285,734,223,932,870,936,106,235,749,755,181,951,250,126,702,82
83;322,260,838,710,904,909,13,526,597,925,31,800,483,166,296,40,492,876,622,48,946,755,564,245,959,383,83
84;672,384,417,611,709,646,711,232,746,939,332,142,558,592,945,690,979,339,405,533,438,602,154,285,84
85;513,705,577,578,579,836,5,70,902,905,526,271,81,402,850,85,855,343,351,354,355,685,429,754,185,890,571,831
86;608,257,961,260,420,837,550,327,13,367,212,822,825,537,282,890,315,924,509,798,318,86
87;192,513,801,197,968,811,939,784,17,369,627,282,26,891,732,87
88;834,323,326,583,107,843,812,653,493,366,274,19,371,533,885,150,886,120,764,188,925,573,88
89;608,66,771,549,970,459,523,813,493,752,369,434,83,310,376,728,505,443,668,446,318,89
90;322,2,610,643,743,679,200,104,618,266,557,173,111,48,658,150,726,662,983,151,344,126,671,90
91;448,834,644,264,395,718,80,144,657,211,916,532,474,410,861,991,416,290,932,292,676,615,104,745,495,816,52,116,248,443,91
92;128,993,38,167,935,714,272,596,245,630,25,218,124,188,92
93;769,865,66,806,8,296,300,847,752,560,466,724,919,312,126,93
94;544,801,71,984,8,841,265,219,507,93,734,207,94
95;480,545,194,162,275,708,533,793,989,318,95
96;704,897,552,395,75,591,784,179,436,852,596,854,729,986,96
97;258,899,852,853,873,665,361,555,766,591,97
98;448,515,197,134,647,199,461,462,977,401,216,923,543,545,676,999,488,937,553,941,238,430,753,948,185,57,700,639,98
99;592,929,932,38,694,87,460,430,271,767,99
100;261,134,263,748,332,493,751,690,500,981,278,664,826,795,478,991,100
101;576,962,578,934,648,875,907,816,145,18,946,691,340,533,214,407,664,58,91,283,27,189,101
102;833,321,578,463,401,722,594,470,667,540,737,865,611,675,100,677,806,745,684,621,942,47,818,627,757,247,569,509,573,102
103;832,960,1,897,898,194,902,264,776,842,461,143,660,662,346,731,606,101,938,683,363,427,114,883,500,180,696,319,103
104;993,322,835,100,389,805,933,327,617,594,403,19,948,54,22,408,505,27,540,28,223,104
105;768,257,579,195,164,420,741,165,650,683,141,654,851,916,573,105
106;321,132,458,716,653,208,784,977,146,467,917,534,349,541,865,803,296,813,945,306,819,312,120,187,315,895,106
107;768,288,833,609,418,708,551,775,330,396,846,16,400,48,306,885,22,856,25,317,287,107
108;449,518,392,648,777,521,553,685,631,157,381,253,861,108
109;960,33,674,547,966,871,201,108,493,269,207,469,949,23,631,791,88,920,121,124,575,799,109
110;833,329,526,271,656,597,983,727,984,600,155,669,157,865,805,677,934,680,296,429,303,51,822,438,54,110
111;288,65,483,771,612,393,617,713,301,144,531,276,566,473,57,111
112;449,577,708,6,267,397,77,781,720,465,597,22,536,985,794,411,349,157,797,350,96,872,424,427,364,884,377,112
113;976,625,17,355,805,741,678,457,601,42,219,846,113
114;899,935,75,875,491,143,239,978,563,819,469,951,123,508,114
115;130,898,645,390,846,655,80,529,22,728,540,348,349,31,38,167,45,814,112,245,438,503,569,893,255,115
116;705,961,321,450,67,710,839,391,521,331,203,334,208,81,977,467,792,347,284,478,867,168,552,683,306,379,116
117;706,675,293,969,107,878,942,303,624,944,144,626,147,281,447,117
118;577,515,325,808,137,618,587,235,716,652,366,302,463,79,208,404,342,855,794,442,118
119;356,901,328,203,459,845,241,661,119,154,890,956,221,511,799
120;257,929,193,962,996,133,41,329,267,847,495,559,726,473,730,156,735,120
121;1,228,935,712,616,554,522,175,209,403,179,499,500,948,564,950,759,951,505,31,121
122;836,198,6,647,9,205,525,146,852,212,596,149,725,727,217,924,412,926,293,873,234,235,301,814,179,763,700,319,122
123;583,201,266,842,139,780,910,271,530,598,151,856,985,857,476,860,991,802,100,870,492,812,440,58,124,381,255,123
124;355,900,356,996,229,549,389,552,40,683,460,589,495,240,81,51,885,759,601,955,827,542,124
125;770,393,139,843,268,271,466,724,533,542,864,289,930,227,296,616,557,429,947,244,634,828,316,63,703,639,125
126;322,866,869,582,840,942,239,912,210,755,853,794,28,223,126
127;323,996,391,680,936,555,141,400,176,144,20,918,86,279,56,441,507,445,606,127,863
128;514,355,707,298,203,47,15,945,402,340,724,149,886,600,988,637,893,478,958,671,128
129;194,936,841,267,204,335,563,886,441,891,572,893,543,129
130;65,770,707,260,806,198,294,265,559,753,307,918,600,184,794,508,284,829,130
131;930,290,914,739,294,822,603,796,366,799,131
132;386,322,683,850,402,243,533,951,600,153,251,893,478,132
133;450,132,37,647,744,104,171,299,432,368,787,51,723,949,470,154,157,125,765,702,927,133
134;448,961,706,194,130,134,7,904,776,328,714,400,80,18,851,852,341,217,25,345,539,478,158,289,547,117,630,317,895
135;451,3,707,583,524,397,909,657,466,979,19,724,340,149,918,982,157,669,352,673,356,38,620,368,242,313,765,511,135
136;608,514,866,488,137,842,397,80,753,274,982,792,26,187,347,831,639,671,863,136
137;353,419,422,7,457,972,652,494,432,176,403,951,889,569,254,895,137
138;641,289,802,388,357,262,648,46,270,398,750,16,948,116,983,217,762,316,926,831,895,138
139;304,161,561,788,214,631,665,858,987,398,799,139
140;196,970,10,906,652,465,529,18,467,339,83,981,405,23,538,604,412,862,350,95,864,163,548,167,814,174,756,888,380,125,140
141;17,451,179,741,966,73,426,653,270,79,141
142;192,992,518,38,488,168,456,15,273,850,180,502,790,88,824,730,698,764,796,223,479,142
143;1,769,645,73,267,333,783,146,914,597,22,727,537,541,288,994,807,108,305,754,437,822,697,698,509,510,143
144;961,839,208,534,342,666,27,924,733,670,288,929,676,868,550,296,808,872,811,49,499,564,53,951,825,442,62,144
145;256,257,577,771,772,516,773,902,967,596,340,663,920,24,154,668,94,160,802,295,363,365,559,880,113,753,245,507,508,831,145
146;711,264,172,173,687,976,945,568,505,377,313,409,506,219,445,146
147;704,193,513,262,134,907,461,463,850,274,791,536,793,671,228,229,102,615,426,750,880,376,249,891,955,124,147
148;672,546,68,102,326,455,491,364,13,205,112,945,274,151,734,148
149;513,326,650,586,203,204,461,978,985,858,732,541,995,292,548,228,740,486,166,681,105,811,107,251,828,574,319,149
150;518,843,206,335,850,914,532,981,533,215,920,601,27,285,477,225,550,615,619,110,944,48,50,501,567,250,150
151;225,865,769,357,807,9,44,269,845,846,143,815,431,343,315,29,151
152;962,262,583,170,683,845,496,498,83,888,219,571,604,152
153;608,483,260,68,167,521,814,46,754,532,887,541,382,153
154;960,457,586,779,461,719,83,148,85,982,473,802,101,423,679,745,361,363,621,368,497,690,242,628,60,828,701,830,638,895,154
155;576,66,387,197,518,70,201,10,396,975,340,276,981,662,280,220,990,415,614,936,749,624,817,370,436,822,890,570,155
156;736,289,161,934,263,520,363,945,82,51,564,276,21,918,55,343,88,63,156
157;160,801,226,67,195,165,811,462,334,718,208,787,276,918,183,184,697,668,381,637,349,93,30,157
158;160,800,738,66,805,168,169,489,298,850,19,117,343,376,442,986,122,124,701,415,95,158
159;576,898,290,643,916,328,413,109,157,223,31,159
160;833,66,4,775,457,331,846,15,463,534,856,732,285,670,799,735,422,486,296,488,371,949,313,636,127,575,191,160
161;624,465,961,179,726,791,840,520,729,701,846,158,161
162;576,513,897,258,612,709,262,582,648,395,557,495,144,977,467,147,724,436,982,599,216,985,959,991,162
163;193,577,67,5,263,8,842,653,733,349,93,542,223,355,549,813,302,751,111,816,946,627,499,693,952,187,163
164;832,0,65,450,137,907,203,526,147,597,982,348,480,928,97,675,228,229,613,678,551,298,939,173,690,564,310,952,956,447,164
165;513,961,865,35,644,997,614,967,680,427,686,751,688,242,307,211,438,795,165
166;673,195,134,390,838,711,391,393,331,239,911,688,693,24,409,570,477,125,830,734,958,575,166
167;483,229,519,999,136,905,908,239,16,784,913,147,340,886,502,119,729,186,892,604,638,167
168;705,516,197,711,648,270,974,464,80,84,468,149,728,220,348,544,673,934,239,176,368,627,180,564,185,762,763,957,168
169;256,673,258,451,230,300,817,945,625,467,596,564,823,152,280,921,90,540,510,350,169
170;192,834,867,934,458,43,365,493,141,686,750,722,468,182,825,252,93,170
171;353,801,819,549,901,837,792,570,430,990,171
172;608,129,354,994,835,936,458,625,53,694,503,983,313,282,250,603,93,542,255,172
173;834,578,644,389,134,137,649,659,214,664,793,29,605,225,354,420,742,230,39,231,809,107,555,43,304,115,372,821,949,120,173
174;352,961,3,68,517,264,523,557,270,82,882,500,693,598,599,57,825,797,350,606,319,174
175;592,449,756,404,246,712,825,906,778,555,894,238,175
176;610,517,934,39,455,583,904,202,107,523,460,365,975,431,624,657,51,563,53,310,155,508,176
177;704,391,199,711,519,713,458,651,140,460,205,912,145,153,347,477,482,227,806,422,299,46,559,113,817,566,249,441,316,959,177
178;388,905,459,75,907,139,781,398,657,147,348,924,605,670,607,672,610,546,488,362,171,875,943,117,184,634,639,178
179;896,501,901,373,342,742,987,989,910,174,799,179
180;578,451,5,133,262,71,145,534,87,728,474,731,795,862,928,417,228,101,744,748,365,494,176,48,497,309,950,58,382,180
181;546,66,419,355,36,519,167,553,750,305,50,914,371,787,596,854,823,888,634,348,508,733,30,31,181
182;736,80,611,996,566,279,696,825,137,270,878,302,182
183;193,739,390,166,615,809,938,714,241,339,883,855,473,763,27,607,183
184;160,96,97,354,243,853,533,294,502,199,427,445,184
185;736,2,674,802,194,421,839,840,745,841,714,75,492,494,143,367,944,496,401,55,315,189,573,127,185
186;48,577,497,482,435,115,756,792,937,169,394,767,186
187;449,354,898,516,228,743,456,744,617,553,620,883,21,694,534,856,696,187,924,351,927
188;64,512,580,839,137,459,652,976,915,343,280,217,793,730,859,668,481,356,550,812,429,240,692,436,629,699,188
189;929,4,452,102,199,203,429,526,750,271,979,886,438,153,634,541,189
190;33,195,675,551,233,810,266,458,906,750,974,911,463,977,497,307,533,378,283,123,63,287,190
191;449,323,678,967,391,40,297,425,780,620,366,527,176,594,691,51,950,920,120,569,444,156,924,191
192;256,642,5,454,521,717,398,302,629,822,439,88,921,217,185,764,380,957,798,191,192
193;579,132,773,197,647,586,782,272,913,85,406,87,985,27,542,286,607,544,609,802,296,176,500,501,959,193
194;416,964,517,165,743,199,975,784,402,54,344,793,506,636,221,194
195;672,5,967,620,173,429,80,658,500,853,954,251,603,221,195
196;576,737,740,487,871,744,169,905,554,650,749,174,660,149,982,726,535,58,635,701,191,895,95,196
197;355,965,967,8,232,139,525,782,142,592,721,402,884,149,183,631,123,156,412,197
198;576,195,451,516,228,423,903,200,457,266,138,399,16,498,597,249,62,191,198
199;192,69,843,173,655,48,530,51,404,436,665,155,732,285,199
200;512,357,231,138,494,528,627,214,311,247,312,985,764,62,200
201;417,324,879,978,146,884,180,662,566,120,345,569,477,223,895,201
202;736,258,34,292,38,166,680,936,424,616,809,10,458,876,305,660,600,444,222,202
203;704,960,129,964,326,72,972,780,526,530,722,725,24,542,287,863,612,356,38,363,108,559,816,947,501,826,317,766,203
204;193,292,453,199,391,136,425,553,10,330,811,142,558,335,50,756,21,277,472,986,765,204
205;786,341,453,983,199,984,379,460,892,749,495,335,205
206;930,678,935,135,976,209,689,593,20,310,630,857,697,954,794,730,379,988,95,206
207;320,65,67,516,996,647,907,555,14,656,499,597,310,568,570,602,668,701,893,61,207
208;993,324,772,649,46,430,496,656,369,883,659,757,696,409,603,125,413,208
209;960,179,84,517,886,823,760,328,189,398,209
210;256,898,456,9,269,976,273,145,723,916,218,282,91,96,866,805,747,45,877,111,496,945,562,883,54,566,894,959,210
211;512,480,643,323,358,487,423,808,717,527,753,81,402,152,211
212;385,263,650,779,15,850,595,854,151,727,536,280,600,924,797,158,161,98,291,807,682,879,303,945,180,823,955,61,212
213;80,194,147,708,566,710,967,907,956,990,703,213
214;2,6,839,271,463,17,658,20,277,405,725,982,86,23,411,284,926,95,287,353,35,745,169,489,55,702,574,831,214
215;928,320,513,19,773,374,199,746,637,655,463,215
216;325,773,422,6,102,519,903,651,781,941,371,51,629,310,855,951,568,569,635,216
217;448,835,515,36,356,677,294,776,457,137,812,848,369,145,756,983,121,570,540,217
218;576,6,715,203,75,208,977,852,21,601,347,221,926,31,928,866,612,101,870,808,362,234,875,684,173,46,50,436,180,218
219;800,615,679,968,904,489,971,332,366,464,144,145,947,692,470,504,473,794,698,413,798,990,219
220;0,165,710,519,615,7,174,495,16,176,48,113,437,507,252,189,446,607,220
221;674,322,646,874,940,109,560,114,499,567,216,317,95,221
222;944,306,627,214,998,184,600,301,429,607,222
223;611,515,676,44,269,430,15,399,243,599,791,952,24,666,60,223
224;288,768,65,993,5,870,616,232,749,527,16,912,210,469,373,758,407,824,857,860,381,958,927,224
225;897,709,519,584,586,843,588,142,782,913,850,339,982,793,156,988,287,543,164,101,298,813,942,558,502,824,505,189,702,894,225
226;928,66,194,772,137,522,780,556,237,142,464,369,243,917,568,24,538,987,636,830,926,479,735,799,226
227;161,129,610,868,934,199,137,266,236,717,303,304,624,721,529,918,727,792,506,891,412,829,607,227
228;576,960,257,515,645,197,904,144,977,980,597,344,732,604,352,34,866,228,39,428,173,177,881,949,310,950,376,249,506,251
229;193,674,386,643,773,966,231,104,616,266,299,107,560,210,787,149,824,666,700,701,413,415,229
230;192,385,449,67,198,710,134,656,272,209,339,531,727,92,988,929,227,803,872,370,243,54,377,444,575,230
231;257,385,969,908,914,787,403,20,409,155,924,477,549,550,489,940,364,48,688,180,566,761,825,638,62,231
232;417,769,196,709,969,265,778,236,912,688,634,794,251,635,286,190,927,479,232
233;582,263,776,9,719,976,210,339,405,985,860,671,735,289,870,297,172,881,626,819,244,756,949,247,311,632,826,639,383,233
234;966,424,330,779,363,429,657,19,919,27,443,380,125,733,991,234
235;768,996,324,901,711,296,330,237,111,239,527,21,663,186,766,959,235
236;1,513,263,392,72,905,137,74,463,976,16,277,984,604,674,611,293,230,807,681,818,498,306,885,184,248,187,317,703,236
237;0,98,163,611,172,655,240,80,849,214,279,56,122,988,237
238;289,788,868,662,87,617,489,27,235,347,238
239;994,517,198,427,651,428,590,48,592,16,656,243,630,631,729,893,317,446,239
240;704,66,67,196,966,520,264,329,458,586,203,268,979,83,980,795,29,735,165,486,40,937,878,306,500,503,698,240
241;768,260,8,649,74,715,589,142,720,24,152,282,412,989,285,804,357,293,361,489,434,308,436,248,188,383,959,241
242;448,0,450,678,522,554,394,363,203,78,146,882,884,949,726,182,599,473,827,894,351,242
243;800,482,674,931,995,838,615,906,491,880,913,754,114,51,84,213,247,632,252,508,444,606,243
244;929,801,36,519,938,970,427,368,144,209,307,404,758,471,248,244
245;128,834,519,360,968,873,491,302,432,883,820,24,827,990,510,383,245
246;832,448,513,517,838,646,711,80,275,468,472,218,668,861,997,742,295,743,425,429,882,179,312,315,766,246
247;128,864,804,678,423,393,299,76,429,407,253,350,862,511,247
248;320,738,483,867,3,517,872,234,555,13,461,751,51,629,151,281,248
249;785,883,180,548,134,807,775,664,205,350,239,249
250;448,226,67,195,36,293,646,490,363,973,694,887,124,250
251;546,419,483,355,294,457,203,748,844,526,464,16,337,146,274,818,915,311,536,572,251
252;963,645,838,966,713,331,912,977,82,661,469,665,731,801,97,675,292,996,934,424,171,687,883,181,821,826,318,252
253;992,390,743,73,778,972,141,237,975,239,753,114,211,116,565,822,440,188,316,446,95,253
254;608,449,388,711,615,39,391,424,873,74,235,715,175,112,818,852,630,985,539,287,254
255;193,161,65,162,741,170,491,140,460,589,209,754,947,245,790,922,892,989,573,957,255
256;961,514,260,714,395,779,812,653,719,786,500,951,185,27,256
257;768,961,99,740,485,37,167,8,265,139,364,81,691,661,886,60,829,189,158,257
258;256,865,770,420,36,70,425,907,48,145,338,179,436,981,823,407,474,924,860,221,62,799,258
259;544,689,1,163,59,619,556,764,349,605,175,751,259
260;128,899,645,904,330,268,269,910,911,337,148,342,727,87,216,154,218,410,91,222,350,418,231,807,679,43,112,883,59,636,260
261;640,512,32,129,930,995,451,741,997,711,236,556,461,943,337,499,950,56,152,185,827,925,671,261
262;160,481,97,130,643,133,840,201,878,942,721,436,406,663,601,634,794,571,829,95,262
263;832,676,453,485,392,72,521,169,907,270,207,659,756,662,184,154,125,637,63,263
264;384,130,259,387,261,581,586,716,972,205,527,342,88,25,285,672,546,104,810,747,108,496,48,497,435,948,374,311,264
265;770,261,203,523,140,397,526,143,401,732,868,229,485,935,296,362,750,879,822,438,632,185,633,123,379,127,265
266;961,641,772,6,166,936,714,716,44,430,367,304,274,627,84,565,342,442,891,763,703,266
267;900,453,393,844,783,915,150,156,732,161,866,100,104,297,233,361,235,685,110,431,944,49,503,888,511,267
268;288,449,97,899,964,262,359,904,425,715,268,13,654,754,786,659,116,244,757,184,984,633
269;705,644,391,328,9,268,909,525,144,720,786,594,926,30,352,995,100,486,551,39,876,364,749,430,244,820,117,888,701,831,269
270;513,260,709,581,456,712,77,589,978,404,276,662,793,602,539,348,99,166,682,877,878,47,436,374,695,887,119,825,633,698,270
271;133,198,456,872,394,11,812,623,975,112,177,371,628,596,341,182,663,409,731,603,316,271
272;0,194,322,835,260,522,144,787,404,25,423,295,490,170,428,749,238,942,239,688,241,305,884,757,694,438,376,188,956,272
273;450,67,643,907,719,911,15,721,82,86,983,151,474,986,544,738,296,361,427,559,241,435,436,309,887,124,190,273
274;144,352,480,129,744,985,665,249,250,781,861,799,274
275;32,961,722,789,182,903,265,315,332,972,381,591,275
276;261,711,712,138,459,76,205,142,847,975,721,467,213,789,25,26,988,415,927,933,296,619,688,55,56,120,249,441,125,276
277;416,644,517,391,167,9,105,299,971,13,718,303,80,407,56,990,277
278;897,706,456,395,209,212,344,154,794,988,95,611,356,677,997,998,294,490,810,877,496,882,564,52,501,631,632,123,444,278
279;672,160,33,321,930,354,996,871,362,397,206,304,784,594,724,726,888,857,667,279
280;386,646,199,844,143,783,399,529,20,853,22,214,217,90,283,29,225,547,803,997,936,107,46,305,52,887,830,702,191,280
281;321,356,620,845,749,878,303,48,305,241,338,404,277,437,822,439,599,567,857,477,414,606,281
282;704,736,162,836,774,103,807,168,297,395,139,749,110,528,752,177,947,244,278,150,535,600,986,891,282
283;689,449,626,820,230,168,696,665,26,237,222,95,283
284;769,17,146,707,820,724,919,40,89,123,428,284
285;320,161,898,66,100,101,198,7,329,490,909,558,590,207,655,180,980,469,886,635,285
286;641,323,837,838,267,716,782,784,788,344,155,284,798,863,287,480,997,745,884,692,52,949,762,635,125,286
287;128,865,545,289,898,164,648,778,46,751,783,241,372,852,472,539,476,414,991,287
288;64,259,229,807,616,8,203,11,334,79,175,176,336,979,698,666,604,925,95,288
289;512,161,963,998,968,298,971,684,782,591,786,20,692,217,985,60,284,861,605,830,607,289
290;65,833,162,103,8,42,365,494,79,338,883,435,852,756,884,246,374,536,88,858,282,574,702,63,290
291;96,193,673,577,482,867,772,71,970,555,876,844,908,205,237,721,530,723,724,532,758,601,794,250,291
292;256,905,650,458,717,205,724,214,342,154,28,286,161,610,421,679,746,557,432,626,179,52,630,440,954,507,63,292
293;944,465,993,1,583,233,730,538,796,189,446,623,293
294;832,193,33,578,99,4,774,295,776,490,10,618,878,499,342,150,153,445,862,767,294
295;577,742,332,237,14,529,499,979,531,277,23,887,825,729,858,538,988,829,295
296;960,130,450,195,969,266,267,907,911,464,20,855,412,223,607,546,553,426,42,683,368,242,307,627,503,255,296
297;640,260,965,839,299,652,558,111,496,144,432,946,536,184,312,729,318,287,297
298;673,737,802,771,454,107,395,814,143,306,986,317,413,829,298
299;352,866,771,39,905,939,109,82,787,851,437,502,822,535,408,474,475,923,671,299
300;224,384,611,259,356,197,647,397,749,910,754,211,565,795,924,413,638,543,300
301;96,737,291,166,391,777,585,266,555,588,300,19,406,375,408,861,894,958,301
302;529,690,275,213,998,486,216,777,218,906,715,140,302
303;963,870,424,841,12,492,112,913,593,689,753,755,275,467,340,407,728,603,669,303
304;931,612,778,47,368,912,881,722,950,343,471,472,443,188,350,304
305;544,384,192,391,392,393,298,655,593,850,378,444,412,305
306;688,48,918,167,72,808,284,876,702,350,494,911,306
307;705,162,483,324,167,844,940,845,111,179,916,629,666,307
308;960,0,996,6,967,872,744,524,589,80,529,369,819,468,598,503,251,445,61,829,766,31,308
309;896,369,82,275,259,724,363,219,811,492,943,309
310;896,130,296,872,554,394,812,142,306,786,115,659,983,407,955,310
311;64,5,965,779,530,914,723,471,855,23,663,857,666,858,924,861,351,352,227,299,619,748,429,751,881,306,691,116,446,311
312;385,451,68,516,391,968,777,906,11,461,333,720,144,91,350,610,933,298,45,430,627,756,761,121,123,957,312
313;384,711,396,528,977,980,277,725,598,345,732,736,99,231,295,300,364,430,559,752,499,628,567,380,316,701,637,445,382,313
314;768,452,517,997,710,494,561,305,627,853,151,439,312,442,125,958,62,314
315;833,707,454,710,70,263,903,199,648,665,794,412,866,999,875,300,877,302,368,177,755,180,502,59,445,315
316;816,49,629,85,731,155,427,572,301,141,429,46,316
317;896,257,65,899,135,779,269,654,275,470,87,283,29,609,741,873,106,940,429,370,692,117,55,441,186,893,126,317
318;928,644,101,453,137,491,779,363,268,461,175,752,851,500,950,503,957,61,93,318
319;581,742,838,295,999,808,393,146,788,54,920,472,633,603,347,861,543,319
320;802,454,38,457,779,396,460,530,210,21,405,55,602,219,828,924,668,158,320
321;352,705,258,4,901,72,809,201,362,492,749,494,559,146,954,923,220,254,862,479,321
322;514,322,583,137,74,142,785,276,854,598,345,672,800,353,161,34,546,995,490,557,177,51,244,887,702
323;708,580,452,582,650,140,528,82,598,151,675,741,295,808,169,42,684,301,47,374,887,507,827,381,189,959,323
324;357,965,711,103,616,105,297,850,83,980,948,443,348,324
325;512,513,515,197,646,72,522,781,589,590,400,82,980,84,728,345,667,606,223,671,993,676,550,425,361,364,688,696,703,325
326;578,898,708,204,76,405,726,794,796,542,287,547,614,103,744,746,175,624,945,243,564,886,888,313,826,442,763,636,63,326
327;11,914,789,217,665,282,986,987,220,284,544,96,865,803,421,485,358,937,682,684,812,430,558,505,572,125,254,255,327
328;833,898,835,196,644,137,204,398,208,850,467,919,670,802,35,484,742,39,295,169,234,172,749,241,561,50,374,120,957,328
329;545,548,838,872,490,75,655,303,911,118,55,859,860,350,382,329
330;580,708,709,261,199,974,81,470,859,733,862,679,233,105,746,811,171,812,301,173,110,46,559,374,121,315,955,956,574,330
331;512,897,321,455,711,201,394,205,270,847,912,146,722,532,213,983,537,603,479,800,97,291,355,45,685,750,431,47,755,887,331
332;416,128,801,353,643,932,6,552,809,235,301,110,272,562,660,726,311,601,442,859,827,285,862,287,332
333;930,424,585,106,331,651,876,784,242,819,345,666,891,319,333
334;834,324,844,270,529,658,533,600,793,27,732,668,476,796,95,737,994,936,297,171,173,498,501,118,314,334
335;96,353,705,485,455,874,363,715,367,79,623,80,208,465,20,596,85,119,285,318,335
336;898,708,325,709,134,969,457,842,330,79,213,215,856,345,668,416,800,740,103,296,428,881,563,565,695,122,955,828,336
337;320,738,106,876,812,365,813,111,527,303,15,819,916,281,57,731,414,337
338;768,833,969,75,333,78,782,849,84,598,664,731,667,668,863,353,422,423,617,42,619,878,498,826,959,338
339;896,962,547,198,902,871,103,679,583,620,13,430,814,815,817,148,52,341,565,886,60,252,413,61,339
340;768,578,835,259,72,778,971,974,342,408,345,537,736,608,545,930,419,612,998,102,680,232,498,181,759,56,440,378,190,831,340
341;64,641,706,80,657,529,594,979,982,89,542,288,737,802,290,611,37,935,428,558,752,690,51,952,185,126,638,341
342;707,775,234,619,398,494,687,434,530,307,180,404,949,181,950,728,665,890,29,342
343;515,132,741,999,842,173,589,14,978,725,892,61,445,62,287,735,343
344;449,260,711,592,529,338,979,596,153,987,412,671,800,101,935,491,299,236,428,492,504,440,826,890,59,317,766,510,344
345;482,2,804,84,933,487,584,217,174,238,287,345
346;965,134,397,142,80,114,754,88,665,314,828,732,990,346
347;738,82,359,951,647,984,24,796,13,111,347
348;832,960,450,386,260,646,999,681,171,174,974,47,434,338,724,53,533,279,824,857,858,59,827,348
349;133,394,140,399,81,466,211,851,408,729,217,605,800,225,867,36,614,166,871,426,43,882,308,949,246,119,317,765,349
350;48,753,722,99,54,134,918,442,379,667,476,606,350
351;705,994,136,331,301,173,786,466,371,979,439,856,312,600,155,924,348,957,351
352;576,451,645,69,585,329,14,850,403,405,24,410,538,987,347,605,158,351,422,614,935,361,41,363,434,501,759,249,125,894,352
353;450,548,743,551,263,683,460,334,560,433,850,440,253,702,353
354;66,182,185,874,186,684,925,607,879,479,354
355;772,581,454,13,718,593,786,213,917,409,348,416,353,34,547,486,552,298,237,559,368,883,629,377,697,889,125,895,355
356;36,357,711,967,874,939,747,428,813,878,910,367,145,818,52,917,213,601,411,61,894,95,356
357;641,389,453,327,456,907,11,652,460,657,917,859,283,604,348,479,864,161,227,933,869,615,810,878,368,755,505,122,509,357
358;929,930,514,290,259,869,264,682,44,620,717,301,110,335,112,437,438,602,572,990,286,607,358
359;801,836,711,617,425,9,971,747,588,12,173,48,560,691,183,504,728,888,920,89,378,733,359
360;835,519,76,910,464,784,81,17,21,278,534,26,667,925,605,352,161,805,677,679,937,42,875,877,623,377,317,830,360
361;320,386,388,839,583,74,77,781,79,848,212,343,856,345,347,477,287,999,617,554,176,372,53,506,891,319,63,361
362;390,38,775,170,972,911,944,210,84,820,278,310,918,890,187,92,362
363;836,966,999,970,971,590,302,625,177,308,117,25,380,604,734,363
364;209,34,756,276,213,265,619,397,109,719,364
365;227,869,845,685,813,174,655,214,282,91,859,444,157,365
366;1,705,865,643,708,167,397,143,976,818,242,884,372,629,312,155,796,284,157,254,287,366
367;676,901,423,43,588,141,655,784,114,852,57,89,220,94,415,367
368;480,354,450,675,36,551,713,491,559,80,818,691,564,820,565,887,697,858,251,891,827,368
369;768,161,737,290,67,643,99,100,198,231,712,776,714,170,751,916,981,565,694,248,730,123,925,369
370;576,708,612,68,583,167,200,875,940,206,526,942,847,592,947,925,287,370
371;610,994,35,515,4,325,678,877,813,975,15,336,49,308,630,951,985,538,543,767,371
372;260,648,777,458,781,526,847,468,276,279,216,729,414,479,420,681,938,428,46,945,564,889,377,124,511,372
373;193,772,5,966,135,909,720,275,980,86,342,406,791,92,285,221,413,993,421,37,998,426,812,108,560,306,54,438,767,373
374;448,770,326,519,331,844,719,849,209,916,25,986,221,287,803,997,936,616,363,685,493,814,751,116,244,309,247,377,185,762,374
375;583,205,81,594,788,598,793,217,413,350,351,31,287,865,98,167,551,104,233,364,44,877,750,305,434,435,830,375
376;321,961,514,839,584,75,142,783,209,786,276,151,347,350,805,37,38,678,45,112,113,562,819,436,119,440,956,376
377;449,291,995,678,937,394,43,235,335,943,625,626,723,404,373,406,632,536,825,123,252,377
378;706,843,971,844,13,913,978,915,855,88,667,219,732,736,97,549,869,360,938,747,621,431,815,754,563,566,60,957,126,378
379;865,481,642,427,203,428,76,563,661,757,217,252,764,30,254,574,379
380;64,177,34,994,581,726,487,488,8,105,380
381;1,547,518,684,145,82,434,179,404,916,949,405,373,794,573,894,381
382;417,163,868,454,422,167,969,619,429,77,48,241,83,471,185,409,249,90,955,251,155,476,221,382
383;194,355,742,134,903,489,458,778,139,140,334,943,111,432,368,913,440,569,153,187,795,156,383
384;451,840,521,9,969,469,22,857,985,729,347,220,349,994,359,554,938,556,176,304,692,180,181,247,375,121,634,574,319,384
385;738,835,387,326,747,236,909,113,689,307,982,953,29,894,385
386;704,480,97,451,995,899,805,101,519,969,41,747,76,332,237,688,818,88,219,475,386
387;1,561,353,83,389,869,407,984,649,186,718,14,387
388;225,264,458,746,651,299,847,592,723,85,181,22,374,633,763,219,347,443,958,388
389;768,66,643,135,968,8,396,76,847,401,402,981,156,864,928,353,289,738,355,358,232,107,749,565,571,389
390;65,194,322,323,325,138,651,271,849,724,20,982,726,669,862,930,37,617,106,813,366,369,307,888,824,377,62,390
391;642,839,903,849,787,533,85,664,537,731,32,224,162,290,932,361,173,558,46,367,50,690,819,372,244,436,632,440,121,446,391
392;800,64,770,548,966,70,646,651,301,943,81,791,665,58,667,605,286,319,392
393;993,226,931,644,5,101,293,552,171,622,495,48,177,114,211,854,726,666,730,698,251,393
394;706,259,135,328,907,76,718,15,144,979,151,665,734,606,862,865,420,166,809,301,624,432,497,950,892,893,639,394
395;290,514,35,420,5,325,40,264,973,974,815,241,211,436,598,982,87,439,24,954,636,220,445,541,395
396;960,672,321,196,813,45,720,915,884,597,503,536,123,411,381,93,255,396
397;384,960,322,995,133,261,902,871,649,234,459,44,77,146,694,87,666,667,317,381,397
398;305,690,882,613,918,86,983,567,715,285,398
399;645,821,616,473,522,428,317,941,959,191,399
400;354,517,174,975,720,433,882,947,84,533,472,58,858,125,767,400
401;776,200,649,12,588,782,911,406,726,86,350,800,352,674,872,361,937,809,43,684,176,624,689,625,246,184,121,702,401
402;66,771,4,516,326,584,457,588,719,665,348,94,417,39,105,561,690,180,53,440,633,763,59,126,894,511,402
403;843,396,656,663,535,151,472,985,154,410,27,669,991,927,482,162,364,492,367,368,689,567,442,826,765,894,255,403
404;354,323,915,404,229,327,283,908,685,13,414
405;0,385,163,229,70,778,490,10,939,211,118,438,218,252,605,405
406;513,324,549,934,904,40,76,911,303,783,215,375,825,253,894,406
407;928,834,867,900,36,452,904,202,976,880,852,789,823,952,350,318,511,407
408;705,321,578,900,966,811,302,976,369,819,500,981,663,824,153,123,408
409;741,357,774,553,747,848,465,690,179,84,468,629,151,666,59,638,409
410;321,515,5,837,70,71,903,200,139,908,85,344,665,796,158,676,294,678,999,426,299,812,688,882,820,630,695,504,381,410
411;512,320,898,515,199,77,912,721,850,276,726,279,855,983,536,795,284,220,416,864,993,420,232,301,881,626,445,701,411
412;512,769,834,836,457,843,556,173,622,686,368,372,26,795,382,318,412
413;353,834,514,324,293,808,970,342,57,377,921,793,700,477,158,30,62,413
414;33,802,194,451,676,550,134,967,488,427,242,723,467,342,951,410,379,60,349,477,414
415;195,582,262,903,328,330,77,657,977,658,538,602,859,540,732,926,734,33,673,357,233,297,236,111,305,565,119,762,635,415
416;960,160,995,4,743,776,936,201,555,620,876,205,173,13,112,465,215,728,218,250,474,346,94,63,416
417;608,2,450,873,143,112,210,821,471,442,347,924,413,417
418;577,322,291,132,358,646,487,904,521,142,303,722,179,660,118,791,952,185,602,154,603,315,637,418
419;608,320,593,865,35,595,38,218,956,318,419
420;448,353,129,450,2,995,356,772,645,293,390,774,873,299,909,880,979,791,759,924,221,830,95,420
421;416,131,263,938,555,107,588,270,945,659,825,61,765,351,421
422;960,97,834,899,580,807,424,842,202,603,156,190,767,319,422
423;864,993,676,677,325,773,71,332,238,47,879,945,500,314,411,734,423
424;322,770,739,357,646,326,648,361,875,716,686,559,239,16,848,530,375,535,408,58,444,156,957,424
425;129,163,7,327,776,808,137,617,653,238,815,913,851,276,24,827,425
426;288,673,578,613,199,8,265,683,335,116,118,121,537,794,539,699,252,318,478,126,426
427;417,680,650,586,266,396,974,238,271,720,848,22,831,991,427
428;306,3,327,314,491,668,108,718,734,287,428
429;962,324,134,935,105,940,334,720,565,152,989,477,798,429
430;449,548,296,104,745,810,369,146,178,788,726,827,732,637,478,430
431;160,99,324,389,107,235,365,847,175,84,468,758,374,953,188,431
432;416,992,321,418,355,421,710,427,45,144,946,469,510,415,95,432
433;833,614,6,170,42,555,590,719,815,81,755,820,660,852,598,182,823,215,727,344,89,122,446,799,433
434;198,455,776,969,779,142,271,913,790,536,220,414,480,545,420,933,101,554,810,428,368,49,823,503,312,568,636,190,434
435;321,198,330,10,205,143,720,848,850,789,790,860,479,737,804,230,231,999,299,620,50,114,564,949,630,503,634,123,957,895,435
436;897,962,869,265,169,140,397,590,945,50,372,22,92,572,797,436
437;224,325,486,423,681,970,746,172,173,146,277,91,476,477,734,95,415,437
438;608,129,321,513,546,900,682,204,877,302,178,180,120,507,438
439;560,368,480,948,294,550,646,135,138,490,139,366,439
440;576,417,2,994,291,7,808,588,462,273,988,958,767,440
441;322,132,772,964,582,972,81,978,857,283,476,482,162,99,420,38,680,682,940,685,688,245,821,375,248,952,123,441
442;65,226,866,580,648,745,9,299,940,653,845,493,15,530,786,595,887,569,316,638,442
443;259,836,840,392,264,777,137,10,458,207,81,724,471,280,29,93,30,359,366,815,624,48,114,436,126,382,319,443
444;128,3,259,966,967,584,906,459,781,718,143,79,976,529,469,728,287,96,994,361,298,173,621,439,761,959,444
445;641,386,708,262,840,329,851,275,218,538,923,669,606,927,994,997,488,619,815,559,434,502,505,761,60,764,445
446;320,769,709,520,970,587,75,395,269,270,18,339,147,408,603,733,544,545,482,163,806,870,105,109,366,114,499,766,446
447;964,773,134,840,202,875,299,590,175,881,402,185,730,795,670,639,447
448;195,845,909,914,211,85,407,221,418,867,869,231,488,297,493,558,945,502,886,55,823,439,57,121,382,62,766,127,575,448
449;262,198,842,75,460,783,404,661,725,726,23,407,154,287,354,419,229,553,619,685,109,944,113,562,498,759,314,449
450;385,899,259,611,43,620,46,143,623,591,496,466,659,83,596,450
451;320,131,3,324,836,196,518,713,906,203,588,78,975,978,85,408,225,226,746,107,429,944,881,374,630,187,636,451
452;128,546,611,739,37,389,968,971,587,558,305,81,786,340,693,758,664,667,475,412,452
453;800,320,321,676,101,967,266,331,332,781,173,206,463,751,977,115,185,412,573,127,453
454;34,387,483,359,73,142,78,304,400,145,305,883,372,500,436,853,501,346,987,799,415,454
455;785,613,584,472,40,266,268,621,237,477,606,455
456;512,901,838,713,842,274,469,728,922,796,797,995,812,429,877,878,883,820,53,694,951,823,184,761,59,507,381,446,575,456
457;576,164,726,8,841,28,125,301,990,319,457
458;130,455,652,655,400,785,721,724,917,214,406,920,857,411,30,351,419,227,231,936,361,430,371,373,439,631,825,957,574,458
459;577,194,515,132,325,454,7,523,12,142,15,400,597,151,347,28,30,479,799,681,879,112,626,761,507,508,893,510,447,703,459
460;960,577,195,774,459,844,716,782,911,850,594,663,983,344,863,865,419,291,227,39,233,490,45,493,881,756,950,504,569,764,460
461;512,129,130,899,325,134,71,519,200,461,909,976,80,592,666,413,291,931,803,293,421,230,423,874,235,113,116,308,375,376
462;704,993,290,867,899,908,366,241,850,533,277,59,539,796,158,462
463;721,610,18,914,594,804,693,805,473,601,239,463
464;416,864,0,675,36,69,583,744,845,494,207,720,692,725,464
465;897,578,900,902,423,745,363,875,400,337,882,629,88,185,250,346,794,251,989,766,158,465
466;578,164,20,870,982,54,330,796,892,159,466
467;402,628,261,245,982,903,874,11,860,877,430,415,467
468;672,257,102,263,679,552,713,683,875,268,787,532,500,918,374,829,541,125,253,350,895,703,479,468
469;836,357,262,776,681,523,107,141,623,559,655,756,22,312,281,121,539,93,469
470;257,36,900,837,520,904,234,10,747,428,461,781,782,654,879,788,149,279,728,445,767,927,511,470
471;672,640,449,933,582,327,105,12,172,815,785,115,307,23,631,59,509,542,471
472;576,579,964,389,967,591,911,207,82,791,857,93,669,799,31,227,612,676,550,998,684,303,497,371,501,762,570,891,574,472
473;785,147,245,134,982,102,807,203,751,31,473
474;801,164,678,967,460,461,302,815,304,209,278,598,184,59,539,701,991,474
475;640,360,778,75,172,588,79,16,912,336,498,21,442,954,671,475
476;98,514,867,899,451,198,935,231,488,424,393,270,654,210,213,215,601,570,125,735,476
477;676,329,10,141,45,911,784,657,305,145,408,376,56,570,603,30,477
478;262,630,744,712,40,9,746,685,750,591,478
479;864,65,417,738,67,739,259,198,264,296,428,206,783,849,978,627,756,566,822,246,888,763,605,479
480;641,6,647,905,458,651,460,781,398,78,911,21,470,280,473,988,476,414,32,483,228,870,553,233,495,111,51,627,568,480
481;129,229,581,422,200,809,715,907,428,77,430,719,559,338,472,155,27,481
482;832,6,135,77,782,654,847,401,593,914,83,152,25,413,992,673,932,420,41,171,813,237,50,628,693,951,568,482
483;289,97,610,994,451,551,265,617,521,586,76,365,623,815,208,144,496,818,596,564,791,731,413,351,483
484;640,833,354,515,807,393,718,655,19,629,442,27,412,894,94,484
485;386,100,4,614,874,717,813,205,846,463,497,946,341,503,953,540,317,831,485
486;832,580,967,456,457,267,460,524,589,397,526,16,403,915,212,215,986,219,988,96,675,101,629,54,953,573,486
487;448,64,260,652,76,141,206,270,656,400,275,724,156,733,94,864,993,546,294,40,43,46,624,116,886,377,954,442,487
488;384,97,802,706,868,741,421,680,714,621,973,110,878,974,16,914,181,982,727,281,665,764,286,488
489;961,771,772,580,873,138,330,875,972,621,590,17,114,850,690,659,340,53,374,951,347,796,191,489
490;544,66,803,835,389,5,165,169,809,298,77,749,817,403,148,726,695,440,697,729,830,490
491;225,133,742,75,459,716,429,141,911,338,151,760,985,491
492;0,324,455,649,972,397,719,912,849,212,405,470,215,409,26,539,477,739,357,876,624,564,821,758,822,311,126,492
493;65,836,966,840,715,654,531,727,23,215,663,927,671,34,35,612,294,937,492,558,370,434,180,828,702,319,493
494;96,162,930,580,132,709,549,518,679,552,140,588,620,397,814,787,596,725,790,823,247,664,380,989,494
495;963,900,708,458,267,460,718,657,20,405,341,607,995,870,239,48,112,497,114,245,759,248,378,637,830,511,495
496;1,898,419,773,358,743,393,77,80,562,307,308,279,216,958,30,496
497;192,866,197,581,263,488,10,621,654,78,339,565,245,376,926,497
498;256,257,901,455,73,585,330,10,589,401,82,662,98,355,39,620,492,813,368,240,755,184,825,506,378,891,123,59,381,575,498
499;432,898,404,613,887,151,219,875,380,831,287,499
500;353,145,498,516,485,615,315,76,606,175,500
501;672,609,705,98,66,610,43,653,621,974,47,433,978,691,661,469,566,505,729,443,187,861,501
502;640,224,33,995,900,277,149,311,331,300,380,751,502
503;754,371,325,535,471,872,827,523,974,703,503
504;865,450,834,771,874,237,209,914,18,277,501,790,758,151,279,281,121,987,187,27,572,125,830,504
505;289,547,612,837,229,901,582,617,11,459,597,249,349,798,505
506;401,674,755,404,452,550,615,265,906,683,506
507;578,649,980,661,405,408,90,350,95,352,355,934,422,685,814,111,880,242,818,370,499,436,437,54,253,507
508;33,450,578,196,231,232,554,202,526,848,177,19,404,53,247,921,987,988,94,508
509;641,452,997,709,166,713,782,816,946,563,630,889,153,314,734,509
510;512,385,900,645,71,199,519,391,210,659,980,406,919,350,95,801,353,610,550,296,875,237,369,114,119,247,890,571,573,510
511;962,707,970,83,149,727,793,159,31,740,423,170,875,172,684,173,749,494,946,627,564,565,949,760,248,698,762,315,699,957,511
512;386,229,198,969,42,747,784,83,724,630,726,26,218,477,512
513;64,225,545,2,35,227,486,199,553,205,13,881,593,274,242,84,118,982,984,793,315,31,575,159,513
514;321,450,228,86,998,232,472,973,301,61,719,207,514
515;608,128,385,483,643,99,393,457,268,301,398,974,335,658,790,727,504,952,92,509,638,350,766,515
516;450,675,99,485,389,678,647,231,200,426,522,525,878,175,976,240,118,87,823,410,540,572,287,516
517;592,752,977,593,881,707,582,280,265,298,77,517
518;835,323,677,775,553,365,528,240,434,562,275,148,282,607,518
519;992,786,626,114,739,963,983,120,827,572,223,519
520;641,385,323,131,5,839,455,456,201,970,842,458,916,149,281,410,92,414,862,30,421,558,567,631,568,824,319,520
521;833,322,771,584,719,592,337,84,661,853,857,667,924,157,926,683,876,493,110,303,690,178,821,56,120,185,125,521
522;256,323,836,134,774,648,73,905,714,141,910,211,84,215,413,989,32,804,295,939,940,238,697,954,826,123,958,522
523;387,708,772,807,839,264,392,73,523,589,878,526,17,729,506,922,378,667,573,541,509,30,607,671
524;577,900,393,203,716,592,338,531,597,406,855,857,219,347,283,860,993,33,936,234,110,627,118,183,247,441,59,524
525;992,225,546,898,900,999,746,971,910,944,19,760,248,508,158,525
526;578,389,39,681,138,619,652,781,846,304,17,53,279,695,569,281,538,858,795,60,316,158,318,511,526
527;386,578,740,325,998,870,619,747,815,16,465,499,979,309,664,409,58,956,527
528;128,291,132,70,614,135,871,935,327,391,73,658,723,628,53,664,184,314,698,540,528
529;98,549,869,742,460,365,14,143,431,498,309,88,569,377,987,923,477,862,159,529
530;384,482,418,930,354,900,196,580,965,518,487,521,362,332,205,911,883,438,536,825,474,347,735,530
531;384,704,386,706,325,73,842,204,268,461,590,855,25,346,858,283,800,737,291,101,935,937,873,108,944,432,57,699,126,383,531
532;643,227,356,70,359,168,809,463,946,51,474,602,510,287,532
533;832,899,326,844,782,336,979,532,277,663,25,474,602,90,603,34,549,815,625,242,370,312,251,188,445,830,318,533
534;321,67,516,198,650,587,846,271,532,856,795,990,351,865,676,936,561,114,947,627,500,567,439,315,319,534
535;994,387,963,612,520,265,714,815,463,944,499,886,409,249,731,605,535
536;707,837,646,710,521,650,588,524,812,268,559,817,562,404,853,153,25,59,444,476,765,831,536
537;450,648,586,784,465,530,788,916,535,599,91,284,352,932,676,871,231,364,688,624,945,821,374,759,122,634,315,636,893,831,537
538;64,481,225,646,822,38,729,202,495,671,538
539;97,289,642,101,390,807,328,904,329,590,783,464,946,820,725,729,665,633,764,156,28,509,895,539
540;833,482,870,616,811,78,432,147,436,120,186,538,762,124,94,540
541;515,71,648,265,75,461,785,851,282,923,735,351,352,737,164,744,44,748,110,49,946,434,755,307,759,951,121,891,315,956,541
542;384,705,514,2,389,775,840,267,141,466,725,728,152,669,861,417,37,869,614,554,497,754,51,564,375,121,954,542
543;2,579,965,901,648,653,141,275,212,856,729,153,988,30,992,544,868,39,492,943,944,560,434,564,246,248,543
544;610,323,295,137,522,362,363,652,301,79,944,208,465,625,917,183,154,186,763,156,544
545;448,707,714,907,75,974,975,783,977,342,856,152,923,550,106,556,236,237,562,818,114,627,308,246,763,828,190,545
546;931,387,676,804,357,585,426,492,909,526,366,592,560,689,852,502,568,603,283,546
547;964,806,966,263,265,75,523,588,12,594,884,949,501,247,538,91,828,547
548;896,385,390,840,968,907,588,654,398,978,983,279,216,536,985,729,90,282,479,226,674,98,930,483,813,306,503,380,958,548
549;131,772,199,840,466,660,277,21,790,664,536,729,411,863,161,100,549,677,679,237,814,178,114,51,953,761,125,958,63
550;673,578,615,328,360,873,266,907,620,909,819,820,822,408,986,667,380,735,383,550
551;962,582,649,205,141,655,336,208,341,216,856,735,415,994,611,676,805,616,490,621,686,240,561,434,437,566,889,700,510,551
552;800,720,1,995,419,372,541,429,302,14,552
553;517,454,777,459,527,656,786,855,535,410,922,93,735,864,545,549,39,681,874,240,754,374,310,54,888,441,124,639,553
554;833,513,4,326,296,459,588,908,14,500,181,760,316,554
555;358,582,872,687,15,113,369,658,660,52,950,214,119,57,346,986,555
556;833,258,837,519,648,522,10,76,973,975,17,787,150,343,535,27,157,31,351,484,676,421,619,111,498,820,503,62,556
557;680,264,905,490,907,943,721,306,946,436,468,884,119,856,569,603,991,191,557
558;547,228,935,72,745,841,171,875,588,684,397,717,79,720,55,857,89,604,764,892,558
559;704,900,132,709,389,966,967,136,456,520,10,16,402,280,794,923,224,105,174,306,499,948,246,502,886,123,572,189,895,559
560;64,193,451,6,585,651,15,209,85,470,603,347,797,158,608,162,931,358,235,366,47,175,241,818,825,761,828,61,766,560
561;129,194,2,899,965,70,840,201,523,12,396,525,591,721,664,921,411,862,350,799,548,489,684,496,114,437,439,889,637,561
562;608,33,933,806,423,458,331,299,430,783,752,625,946,530,339,213,278,281,155,27,892,94,319,562
563;98,706,387,327,105,906,523,587,908,470,953,858,731,563
564;386,515,388,260,840,330,971,332,334,271,596,20,916,470,471,855,348,736,674,933,425,555,558,753,758,441,891,564
565;705,833,513,257,323,3,580,134,907,718,401,274,83,84,922,666,283,28,288,416,676,807,167,746,371,244,53,958,383,565
566;834,387,325,71,584,105,681,682,906,300,142,435,467,628,662,342,567,696,349,566
567;320,36,357,134,615,73,108,269,721,82,53,277,730,282,926,567
568;259,165,934,998,711,968,360,713,522,843,203,332,270,559,464,539,703,568
569;448,387,837,197,648,713,971,908,147,472,408,600,988,929,165,677,166,39,685,46,495,48,564,696,824,380,828,569
570;705,66,585,139,396,14,78,400,83,152,729,795,993,611,931,357,741,812,943,369,693,887,760,441,188,447,570
571;449,770,226,965,870,808,778,714,299,684,142,718,400,752,401,81,626,211,179,180,250,155,380,445,571
572;580,965,518,70,777,713,269,207,79,911,851,534,219,669,32,866,420,421,293,680,490,427,754,371,755,442,572
573;33,17,709,629,249,425,665,186,620,254,591,719,573
574;0,36,676,582,807,42,108,559,912,146,53,697,828,574
575;64,435,755,100,56,681,811,524,62,398,575
576;51,100,741,678,761,762,410,106,266,171,460,576
577;257,770,834,68,932,101,709,549,423,903,266,587,44,238,718,86,472,573,734,577
578;227,516,837,903,202,971,14,530,626,597,502,983,825,409,283,989,318,798,62,959,578
579;704,947,422,38,552,744,123,861,798,718,579
580;288,899,293,615,616,492,495,210,243,948,981,86,694,566,888,408,378,700,927,580
581;226,627,531,646,838,583,215,906,908,941,734,110,581
582;257,962,5,203,525,845,397,592,981,87,350,611,484,613,423,685,943,47,945,114,372,308,437,632,123,957,582
583;66,834,578,708,837,584,205,270,529,465,850,24,283,284,156,296,107,299,620,47,177,244,182,635,382,583
584;835,932,741,614,649,458,43,945,660,216,56,25,986,584
585;960,2,898,260,584,72,587,203,524,590,526,974,142,976,785,914,218,540,223,737,931,36,746,810,620,752,889,379,829,703,585
586;515,69,710,650,458,970,526,464,530,723,83,856,88,666,607,802,934,998,167,298,172,757,887,759,503,954,572,575,586
587;898,583,200,969,523,204,909,77,404,90,795,156,797,222,479,548,678,937,809,105,747,941,495,435,884,692,761,506,63,587
588;673,900,165,999,615,973,625,818,979,951,376,922,250,635,28,991,588
589;164,869,965,967,391,778,908,588,911,913,529,595,727,791,599,504,185,378,348,764,189,959,589
590;385,66,487,648,105,521,652,364,493,783,786,883,148,375,535,536,570,348,509,590
591;886,966,215,8,265,281,442,651,476,444,45,511,591
592;36,741,198,425,523,752,177,273,466,500,309,597,822,665,923,541,592
593;736,578,35,485,646,775,936,552,616,652,524,402,978,980,661,694,951,376,760,761,698,606,593
594;513,773,133,325,456,72,778,396,14,527,977,404,470,217,857,90,607,738,483,38,494,239,51,52,180,373,954,637,594
595;898,707,549,261,583,841,108,588,140,880,496,241,533,595
596;98,100,805,486,359,456,74,650,972,17,81,50,946,371,311,601,154,317,596
597;192,640,290,260,901,454,230,8,617,585,365,397,401,214,890,475,60,316,29,597
598;769,786,85,997,904,40,811,779,251,189,894,351,598
599;256,584,394,972,526,208,402,661,920,217,604,803,869,680,873,748,813,942,559,883,503,633,187,380,254,447,599
600;386,707,133,454,6,326,779,141,525,526,17,149,602,286,996,485,43,877,749,558,432,817,502,248,700,766,600
601;709,70,73,460,76,528,402,211,980,662,472,857,924,798,542,481,420,944,497,628,823,951,504,185,953,601
602;80,1,563,308,629,840,472,137,298,186,510,602
603;481,641,581,169,489,811,690,819,115,20,820,758,23,24,440,665,863,603
604;193,579,679,74,11,619,13,77,877,271,144,465,561,917,149,853,567,857,153,602,250,571,348,447,604
605;384,714,846,656,592,145,529,401,728,538,26,796,414,611,230,488,681,361,684,621,493,561,946,499,116,250,61,605
606;770,548,612,197,581,713,841,778,402,820,917,663,793,795,381,766,606
607;576,736,866,707,228,775,745,80,626,882,277,376,346,637,702,126,607
608;962,803,355,131,869,202,621,911,402,276,148,949,407,952,408,479,511,608
609;992,32,256,387,7,73,938,970,682,524,911,783,595,211,693,214,246,727,23,759,507,828,252,31,609
610;672,629,789,887,728,633,249,314,155,507,446,610
611;448,520,778,396,524,204,909,206,467,597,470,536,153,986,924,413,159,482,418,741,168,619,496,433,51,179,955,611
612;352,387,739,196,452,743,295,615,200,457,910,433,305,562,338,979,819,468,88,440,793,346,797,612
613;544,674,67,934,103,647,39,392,554,106,459,333,141,461,273,434,629,759,760,26,314,605,349,286,613
614;482,37,373,325,41,571,955,684,300,541,654,614
615;321,900,517,522,656,529,82,406,599,407,666,282,93,734,929,678,296,424,874,47,242,951,439,121,444,316,447,615
616;66,866,579,261,645,37,517,454,390,294,905,522,179,852,154,731,764,893,989,157,991,616
617;482,195,773,741,233,398,303,752,528,81,437,855,125,669,509,607,351,617
618;450,2,579,900,873,876,813,14,144,688,690,467,343,856,250,859,59,219,317,414,618
619;178,131,216,424,233,793,459,764,269,719,619
620;2,579,324,452,5,69,582,72,266,76,82,84,20,406,215,151,153,29,994,932,45,302,878,112,304,820,949,766,620
621;160,833,930,36,421,519,392,265,906,620,205,242,948,282,986,159,991,479,621
622;576,963,453,778,266,652,141,337,596,276,535,88,281,926,992,738,805,168,681,553,238,114,376,313,635,622
623;960,898,642,326,519,455,586,333,81,914,915,725,597,407,665,797,606,863,98,813,685,113,433,435,697,765,623
624;866,712,905,361,618,12,844,143,434,979,884,628,726,792,825,185,570,444,316,381,861,190,624
625;386,611,899,387,932,422,491,395,652,941,753,852,181,823,634,59,925,573,990,30,767,625
626;594,707,708,358,198,870,822,951,648,348,626
627;3,516,903,969,78,786,210,851,409,793,153,475,668,156,546,426,682,298,875,811,683,172,558,52,567,441,445,766,627
628;386,900,644,773,647,9,204,12,335,405,986,604,605,990,673,98,613,997,807,553,555,430,496,370,123,766,628
629;656,577,739,627,19,547,53,231,536,808,794,666,629
630;33,195,228,837,198,454,711,296,585,683,656,817,82,441,630
631;448,707,419,390,519,104,269,78,146,948,20,565,469,635,959,631
632;480,706,166,647,778,43,652,749,882,658,244,504,314,925,632
633;772,134,7,776,8,718,782,722,403,84,213,406,601,156,220,924,669,221,671,97,354,802,487,39,683,45,687,51,886,632,633
634;450,546,355,197,965,838,134,424,712,938,555,940,236,688,245,249,538,90,828,415,634
635;448,776,586,779,235,652,271,368,792,379,637,125,958,635
636;192,65,386,515,163,132,677,613,454,873,970,813,334,656,338,340,247,607,319,636
637;99,133,231,871,935,265,107,171,76,140,558,239,80,273,850,754,755,116,630,950,503,219,860,637
638;672,208,96,355,901,552,280,699,987,812,76,622,638
639;544,162,578,869,874,331,204,525,881,818,276,854,151,186,155,251,827,379,731,29,669,222,254,639
640;579,964,452,998,199,201,234,203,910,367,915,468,725,789,151,119,345,793,92,640
641;416,417,737,614,230,967,139,299,653,978,52,951,281,571,222,641
642;289,2,290,515,452,773,454,230,73,973,241,409,538,642
643;674,996,549,741,965,838,872,42,714,75,684,847,497,663,408,988,575,643
644;801,647,648,905,681,810,266,13,14,942,783,817,20,917,885,22,759,954,252,957,797,254,644
645;225,482,706,771,99,451,168,299,877,626,179,21,789,534,153,27,220,926,895,645
646;256,642,835,900,774,6,784,212,405,792,409,603,155,93,541,222,223,159,163,40,617,110,750,689,819,244,248,568,58,126,646
647;902,711,903,723,852,596,282,795,348,476,156,95,736,352,289,226,163,38,364,45,558,302,47,50,883,629,696,508,574,647
648;673,834,899,293,198,777,909,173,589,367,659,597,279,249,794,604,189,477,894,831,648
649;673,323,755,467,451,436,374,310,936,106,702,174,649
650;417,104,264,141,717,909,369,338,53,729,281,667,446,650
651;322,482,836,324,135,232,265,267,397,941,366,688,817,786,148,373,85,405,630,502,345,508,93,638,651
652;257,642,291,135,809,522,939,43,811,428,398,783,911,367,752,754,755,244,567,570,539,925,862,652
653;387,227,932,262,423,680,10,811,370,630,503,535,249,572,446,702,959,927,653
654;193,388,516,838,935,171,653,623,787,85,310,156,445,509,94,127,654
655;480,1,4,612,168,394,74,906,429,206,688,880,658,83,500,533,822,886,375,857,794,382,766,655
656;66,357,102,391,27,316,380,829,877,591,656
657;961,388,325,778,844,525,399,788,276,468,85,728,986,544,98,354,739,805,294,999,876,114,245,437,693,318,657
658;385,521,781,911,977,531,724,532,276,597,342,407,796,478,798,543,289,738,228,870,295,231,880,562,883,821,182,886,188,658
659;928,706,355,810,650,138,172,749,430,878,402,274,851,149,87,792,985,185,921,540,220,606,799,659
660;736,672,162,740,804,7,616,169,810,778,18,726,184,280,952,24,345,378,221,126,660
661;704,66,324,807,585,875,846,272,849,817,178,692,340,532,789,534,822,632,152,126,350,661
662;448,768,449,706,261,838,902,520,969,73,208,919,281,922,348,93,864,420,485,553,42,301,114,499,692,439,183,951,662
663;128,838,966,649,394,202,11,525,333,528,337,83,663,407,537,802,805,999,488,360,107,819,627,371,500,565,759,572
664;929,418,262,230,648,235,748,566,311,409,954,346,61,664
665;320,833,226,611,451,996,676,516,838,647,551,361,10,267,75,556,942,401,948,22,918,663,764,29,665
666;451,933,389,646,104,713,905,142,852,344,793,441,284,445,666
667;898,551,567,104,168,538,794,779,542,687,667
668;34,355,323,709,230,615,647,616,459,781,626,467,211,403,404,854,247,120,889,924,765,668
669;99,452,677,234,107,715,781,16,978,498,343,408,89,251,124,669
670;561,242,693,646,295,394,523,572,668,972,957,431,670
671;832,964,840,713,395,76,717,462,528,658,979,148,410,541,96,289,292,804,228,167,423,492,301,880,433,885,952,829,671
672;97,33,738,423,328,138,330,972,526,622,591,530,82,274,981,761,537,927,672
673;513,968,264,141,974,655,657,979,277,405,279,664,90,157,542,670,353,994,870,615,680,435,566,439,763,381,382,126,319,703,673
674;192,386,642,610,197,581,648,809,393,9,105,396,302,591,176,980,341,661,182,59,381,61,414,991,674
675;192,690,51,357,950,491,907,781,269,429,462,751,675
676;962,712,616,906,715,139,557,817,83,915,729,252,383,703,676
677;864,545,353,709,105,972,716,78,943,469,886,312,410,892,799,677
678;833,578,101,648,521,363,332,172,303,80,19,727,119,216,698,507,603,860,678
679;896,993,2,610,900,388,777,138,811,717,653,302,526,15,498,120,984,476,252,733,478,510,830,679
680;896,12,269,784,530,531,923,476,94,734,862,226,291,809,170,555,429,46,686,369,434,755,499,53,694,248,57,316,638,255,680
681;928,0,320,642,804,805,295,424,776,392,331,555,684,492,685,525,144,145,850,627,407,984,89,681
682;256,324,837,389,581,972,976,213,149,664,793,220,541,798,415,293,808,426,366,375,889,316,894,703,447,682
683;641,774,519,871,583,779,782,303,144,83,854,86,25,94,683
684;578,8,331,780,592,848,337,721,535,857,730,90,156,798,161,930,610,806,488,811,46,884,181,245,184,953,250,570,252,127,684
685;583,103,555,396,717,880,177,214,762,347,476,926,671,685
686;676,843,109,270,816,625,849,881,342,631,183,443,382,574,686
687;515,901,454,743,713,491,47,912,977,690,885,278,694,696,700,831,687
688;961,196,7,585,910,335,80,849,82,530,211,148,23,472,28,229,359,558,942,47,623,944,180,568,505,954,764,190,688
689;453,5,745,651,812,748,273,274,820,54,887,727,858,250,635,380,671,31,689
690;775,360,969,874,171,747,108,940,588,718,16,432,497,531,726,251,894,223,690
691;930,324,292,136,461,977,113,913,691,853,566,312,955,795,798
692;354,3,775,712,840,905,811,942,976,593,690,148,919,668,701,222,692
693;930,162,359,808,941,270,847,433,945,914,884,981,181,917,859,412,223,693
694;65,641,387,389,646,584,200,841,458,907,395,396,974,15,16,24,281,667,611,420,489,682,427,684,302,945,626,882,565,574,694
695;548,805,293,677,79,688,721,691,437,854,921,155,830,695
696;737,738,645,133,453,551,200,842,843,237,624,432,560,113,273,114,469,567,217,252,220,669,766,286,696
697;162,323,739,933,391,777,969,170,523,397,846,469,214,504,121,700,92,28,445,382,697
698;417,675,804,293,43,12,748,973,880,882,371,788,565,789,631,568,764,990,698
699;416,738,886,278,742,25,474,42,14,847,699
700;323,964,164,329,267,459,683,843,304,145,115,181,439,247,984,603,699,893,700
701;384,964,774,391,776,648,329,843,588,81,468,469,789,406,88,90,809,811,939,174,751,53,184,440,250,379,317,253,701
702;448,65,835,964,5,197,646,330,462,143,339,595,341,920,664,985,921,858,931,679,41,553,618,302,117,694,950,951,570,764,702
703;707,708,69,201,137,841,203,779,971,662,346,476,619,491,940,305,818,562,691,117,245,697,122,378,699,702,703
704;704,259,516,328,715,207,656,532,982,729,91,670,607,995,996,552,681,491,556,366,495,563,756,182,758,442
705;320,274,387,38,854,711,681,457,554,221,93,462,705
706;647,271,530,851,468,148,86,726,791,343,412,413,94,30,863,97,550,359,808,617,298,363,238,944,562,438,121,633,122,706
707;448,288,264,521,905,713,842,459,715,592,498,564,632,667,955,574,798,707
708;129,66,516,839,456,264,393,713,652,978,733,157,862,32,736,288,737,804,359,556,942,752,118,630,185,708
709;961,3,388,389,197,518,712,147,885,183,88,540,797,709
710;416,369,835,902,582,633,666,139,172,636,909,429,710
711;978,469,792,408,73,681,746,410,986,906,636,749,711
712;192,225,737,802,484,101,74,907,779,336,689,211,758,343,441,250,379,572,605,351,712
713;1,769,263,7,520,393,73,588,914,151,24,283,416,225,871,359,240,625,306,180,693,504,955,637,127,575,713
714;640,257,132,9,73,972,270,847,912,17,786,658,346,864,100,550,104,361,297,939,300,109,561,564,437,373,438,694,247,314,714
715;578,163,548,580,327,552,585,265,651,76,753,564,949,919,59,955,188,715
716;128,769,258,451,325,143,209,978,531,85,214,857,990,671,162,739,420,41,746,176,626,243,755,117,501,952,827,828,894,716
717;208,674,370,228,618,107,267,365,333,733,175,271,717
718;530,307,424,554,892,252,476,605,158,671,703,718
719;672,464,161,610,563,486,582,472,872,601,778,620,719
720;929,4,645,295,775,488,682,810,138,522,746,939,814,302,720,816,625,789,887,919,87,759,764,734
721;4,964,678,406,551,57,201,313,42,539,940,509,721
722;448,192,643,389,842,75,844,909,398,22,855,667,412,541,669,353,866,101,746,237,752,561,757,439,55,631,632,765,702,722
723;864,448,129,259,549,264,233,530,402,596,532,533,854,632,664,121,794,763,284,319,723
724;612,100,869,744,552,232,651,747,812,47,560,338,852,181,533,633,281,761,27,924,573,733,381,766,724
725;512,452,132,902,966,71,394,523,397,783,659,725,22,534,279,663,281,986,479,672,288,32,806,491,45,754,759,56,186
726;256,961,67,582,711,655,527,788,983,919,410,31,607,483,227,869,744,168,238,821,823,441,571,893,573,830,726
727;385,519,72,777,331,525,976,528,465,214,87,538,161,483,292,229,935,617,681,746,435,631,506,826,893,447,727
728;273,529,82,99,101,966,199,296,121,346,638,686,728
729;257,1,517,326,903,936,169,11,651,493,943,592,723,532,820,21,920,478,95,729
730;592,1,2,420,694,520,104,714,411,174,730
731;355,837,261,806,488,104,75,684,492,973,302,720,21,885,726,663,828,731
732;256,129,803,100,708,37,390,9,233,812,172,109,79,817,851,854,119,376,600,125,861,318,732
733;576,322,67,4,869,742,807,43,428,845,269,430,910,688,562,149,827,219,315,540,541,637,831,733
734;480,193,262,247,985,665,603,221,590,718,703,734
735;448,896,897,66,583,456,201,463,913,210,212,980,152,731,923,797,290,546,357,872,937,106,619,363,494,246,61,573,895,735
736;963,35,773,997,842,602,763,907,844,749,62,736
737;576,386,644,36,709,201,718,688,17,978,147,532,438,407,824,313,668,737
738;65,195,708,73,139,461,277,152,923,864,32,737,549,871,425,489,746,300,236,556,301,941,47,499,371,501,759,887,439,738
739;896,229,101,487,135,202,458,715,620,397,429,142,593,849,851,499,532,856,442,475,379,316,831,739
740;672,544,641,136,298,555,748,206,367,625,561,401,882,19,629,697,571,509,702,740
741;163,835,133,390,392,457,879,687,817,50,466,663,408,741
742;258,387,5,968,720,536,601,986,858,922,154,94,930,99,100,169,875,686,623,624,50,182,568,58,636,766,742
743;322,164,630,119,583,441,889,426,669,863,735,743
744;675,325,517,855,152,25,298,666,602,588,31,799,744
745;849,498,402,356,836,22,999,394,314,252,333,745
746;705,578,165,297,105,621,175,656,51,372,788,468,887,120,409,91,477,413,989,746
747;323,550,999,9,555,363,332,109,528,753,915,531,985,953,639,747
748;517,298,269,238,207,688,304,720,85,312,729,250,414,748
749;65,264,620,748,654,689,657,467,757,214,471,503,25,284,286,749
750;512,465,626,51,803,980,902,970,923,731,173,750
751;256,33,674,387,356,420,649,74,525,397,846,721,950,151,671,703,751
752;160,803,387,37,837,966,426,173,750,719,818,594,114,725,117,501,950,375,473,827,752
753;257,353,132,196,613,139,844,525,367,976,147,115,309,599,27,753
754;417,963,708,487,328,905,298,589,973,14,239,753,979,532,276,342,247,824,957,765,754
755;288,899,196,903,968,777,265,78,756,852,469,86,184,153,123,252,477,413,755
756;161,227,548,327,7,648,810,715,494,398,751,880,272,628,693,949,247,763,510,638,799,756
757;288,290,293,965,326,775,903,168,810,109,174,401,948,276,244,117,950,825,154,669,159,757
758;0,677,521,361,138,748,880,563,916,276,952,667,413,758
759;736,560,33,436,645,984,153,269,461,31,255,759
760;0,673,193,898,421,838,167,908,14,174,401,949,21,918,118,600,825,794,829,95,760
761;65,458,42,847,976,433,499,308,500,437,22,56,505,825,507,124,991,863,761
762;97,355,739,485,5,486,167,135,713,524,684,525,659,571,539,380,158,762
763;904,202,651,652,268,271,341,219,91,668,31,992,739,419,99,483,868,804,293,101,743,619,108,492,117,119,444,572,892,763
764;64,819,903,376,648,106,956,957,958,303,764
765;256,450,932,804,935,201,907,47,467,694,790,247,951,953,637,765,829,767
766;706,613,198,264,908,781,653,47,275,436,213,124,349,766
767;194,965,326,455,712,587,203,721,914,792,672,32,33,483,356,996,998,424,809,620,44,753,562,52,181,766,767
768;322,482,131,455,713,651,493,685,334,655,82,402,915,117,598,119,696,443,283,476,543,768
769;129,226,322,291,419,323,963,806,74,875,493,878,944,17,754,370,695,887,983,664,89,346,223,769
770;192,129,707,389,777,906,332,13,689,980,921,253,669,734,383,770
771;259,260,262,841,523,589,656,467,85,90,282,604,930,549,485,103,104,42,107,44,45,881,628,120,185,572,771
772;576,64,452,838,518,206,16,849,978,402,659,601,857,986,155,539,668,414,32,625,50,308,52,949,890,891,62,772
773;481,97,742,71,265,778,234,12,720,304,949,86,118,598,857,218,571,763,892,574,773
774;851,115,756,325,790,503,296,330,954,558,774
775;737,257,354,548,389,8,906,619,847,145,311,825,633,92,926,543,775
776;196,965,7,519,840,200,595,789,279,538,731,349,927,544,99,999,680,936,170,106,939,428,305,565,186,315,62,776
777;417,161,34,899,678,647,871,586,652,940,332,558,910,337,562,850,310,315,956,541,777
778;96,1,134,904,172,941,686,624,112,851,883,213,344,90,778
779;832,961,643,134,650,267,143,911,464,528,274,852,537,729,926,286,487,810,938,940,558,433,309,566,57,779
780;416,866,484,772,422,7,490,623,976,848,881,210,86,153,703,780
781;641,385,551,72,136,362,398,15,148,725,55,857,953,89,284,477,478,781
782;640,321,707,963,964,968,10,971,651,783,145,659,854,662,727,345,666,416,608,673,424,816,369,435,503,955,123,251,763,702,782
783;480,834,484,677,774,999,617,810,716,367,240,337,402,693,663,315,349,222,783
784;768,160,35,740,69,389,421,870,871,647,296,681,335,594,147,118,57,315,764,669,784
785;993,741,69,617,363,587,588,877,46,16,275,950,858,785
786;98,35,516,932,550,679,328,140,716,496,849,786,117,56,536,378,763,220,636,989,735,255
787;800,612,100,910,783,721,977,593,530,948,182,311,760,670,927,787
788;192,772,269,274,85,919,408,153,860,734,991,32,993,868,933,231,682,491,750,49,369,821,567,503,183,442,378,379,788
789;418,452,742,135,679,715,747,748,111,562,819,438,638,789
790;291,100,548,965,742,582,40,429,205,781,913,883,755,539,923,798,790
791;768,385,257,425,9,972,44,940,84,90,762,286,158,791
792;833,449,805,997,552,108,524,556,333,430,272,464,49,594,947,755,531,692,853,23,188,792
793;294,326,171,715,556,269,590,175,754,84,630,470,569,90,91,61,669,541,990,478,793
794;0,513,771,773,521,842,274,915,852,662,920,157,95,38,488,364,301,430,247,313,891,828,509,638,319,794
795;930,835,804,485,870,649,682,875,333,493,686,719,178,786,818,851,665,987,604,795
796;129,97,932,741,779,75,204,911,367,82,468,244,86,887,56,441,223,796
797;352,802,290,4,70,42,944,16,849,179,630,313,60,894,797
798;704,194,706,515,583,841,970,906,719,24,345,922,28,930,740,806,103,937,619,363,430,114,440,634,954,507,446,511,255,798
799;545,611,899,228,741,134,232,749,782,176,82,371,595,918,920,953,282,827,735,991,543,799
800;449,66,387,963,582,8,463,144,979,788,661,601,540,604,995,742,616,233,426,940,112,242,53,374,189,893,61,574,191,703,800
801;770,259,904,137,393,460,525,528,208,81,280,605,478,864,482,676,422,39,40,168,112,369,625,627,436,695,446,382,801
802;416,0,289,674,67,36,228,644,645,389,485,6,7,209,467,83,406,887,503,952,217,956,286,255,802
803;995,140,780,814,687,304,657,212,884,341,23,695,344,986,570,858,186,700,541,733,803
804;707,779,652,172,591,400,948,852,725,22,791,567,535,637,670,159,804
805;416,929,674,903,968,712,40,874,650,106,302,815,591,241,627,723,950,790,760,955,731,444,805
806;257,645,550,71,72,969,170,970,45,46,239,175,560,244,22,183,23,411,507,860,381,445,989,126,806
807;513,865,803,933,517,935,171,555,593,947,756,52,469,278,311,184,57,697,250,954,955,475,764,253,807
808;642,692,836,934,822,824,681,265,90,286,808
809;130,706,132,580,389,72,203,526,911,656,84,854,662,152,728,90,867,749,813,879,753,498,691,755,821,57,252,830,809
810;516,873,489,906,843,557,366,981,566,791,568,603,31,810
811;977,145,51,996,69,904,280,170,846,767,655,811
812;482,452,678,41,489,970,172,461,15,208,306,919,951,894,812
813;1,514,930,516,740,933,297,531,566,439,919,376,730,316,188,669,95,813
814;514,451,581,645,744,393,299,686,239,303,145,114,179,211,468,885,952,700,319,814
815;257,900,326,810,235,876,300,654,16,561,660,884,214,439,280,729,697,347,732,815
816;577,514,966,776,72,456,466,339,147,789,918,26,232,361,169,938,365,624,563,243,117,629,379,508,765,816
817;307,500,389,358,170,523,588,108,572,717,590,817
818;128,609,1,290,741,133,748,16,274,147,182,922,410,798,818
819;897,871,811,43,555,174,846,527,978,567,185,58,605,819
820;256,834,963,835,807,713,906,204,333,814,210,82,531,152,58,90,538,188,893,285,350,895,820
821;768,162,386,999,169,44,590,401,498,340,342,248,665,700,125,829,959,821
822;708,388,773,710,70,585,783,399,16,849,18,89,217,603,412,158,543,801,290,611,804,102,46,946,950,183,506,958,822
823;545,292,394,74,203,428,206,430,980,791,187,220,541,823
824;289,738,994,739,228,582,72,813,206,175,335,591,272,276,213,662,886,698,890,859,446,287,824
825;803,8,457,650,42,205,563,115,20,149,918,695,696,408,121,157,30,894,639,825
826;961,963,6,972,909,976,721,723,532,788,922,27,669,223,928,737,486,936,556,947,757,696,697,698,763,60,765,62,826
827;385,485,998,262,616,561,146,211,723,790,407,536,859,667,636,701,445,894,574,447,827
828;642,130,518,816,465,563,888,920,953,442,763,443,63,959,828
829;770,389,646,70,903,971,142,718,852,404,345,154,608,225,675,933,487,746,943,815,944,561,755,182,183,375,444,893,383,191,829
830;642,546,899,260,421,134,454,295,553,681,969,297,494,783,399,787,211,564,342,566,985,602,253,286,830
831;449,452,261,392,73,714,651,779,654,590,80,400,465,89,921,409,730,795,426,747,876,237,176,48,49,755,373,950,254,831
832;257,419,995,678,808,425,77,654,688,466,51,755,628,501,885,376,472,824,314,957,832
833;64,609,771,712,232,553,714,715,555,844,941,271,336,145,626,243,660,759,920,833
834;737,774,742,326,838,487,910,497,500,821,438,790,920,635,539,834
835;356,933,902,842,299,238,398,720,561,20,52,214,505,345,835
836;896,0,417,227,100,677,230,394,733,734,836
837;640,137,971,908,530,791,985,475,542,351,416,800,674,162,933,488,683,939,941,877,942,432,562,883,307,184,251,511,837
838;800,642,996,616,585,682,202,14,16,496,881,627,595,340,405,982,536,921,409,570,700,572,766,862,838
839;1,580,647,396,525,207,276,663,983,90,667,159,224,354,548,937,810,875,812,429,688,560,53,502,823,119,763,317,573,839
840;320,163,355,739,649,842,651,399,338,947,467,731,381,734,840
841;96,133,741,326,651,747,241,244,758,760,858,699,700,125,126,638,990,223,841
842;193,6,329,266,523,267,145,978,402,20,922,476,286,159,612,420,293,806,38,998,872,938,42,299,686,496,760,893,842
843;164,773,134,806,231,266,971,76,47,114,884,951,343,313,794,666,414,830,30,843
844;800,897,130,710,230,552,394,908,910,431,879,847,53,598,285,319,844
845;689,161,803,180,724,661,565,486,774,822,170,26,845
846;709,519,71,842,845,333,589,918,854,858,602,27,604,736,929,808,364,877,815,690,564,375,631,55,824,956,445,846
847;193,993,805,549,518,967,199,743,232,588,301,626,52,598,630,854,888,570,347,828,573,989,847
848;1,388,101,775,969,173,206,942,48,787,83,758,472,314,413,95,848
849;544,642,164,740,708,389,261,294,582,774,711,842,618,234,529,753,722,819,853,726,118,88,989,287,849
850;496,16,162,450,549,344,171,187,12,782,127,850
851;583,615,872,233,970,908,749,525,365,173,848,403,760,851
852;129,355,68,388,999,327,648,875,845,846,401,658,149,854,23,856,312,954,826,156,733,957,852
853;432,384,369,581,326,390,871,58,540,191,853
854;97,131,132,613,358,359,873,459,367,80,368,976,210,886,920,504,57,442,957,254,575,447,543,854
855;582,937,779,331,590,399,464,50,563,179,628,885,214,761,284,855
856;513,162,706,38,583,552,937,461,151,921,793,698,28,856
857;896,385,645,902,776,904,395,333,465,788,853,859,477,290,802,741,165,39,104,298,620,177,498,950,568,312,825,767,857
858;912,768,163,645,662,118,920,457,266,719,303,447,858
859;513,197,202,266,77,333,846,16,276,665,475,350,414,101,935,423,425,622,114,499,885,950,886,183,185,314,315,699,126,767,859
860;721,642,355,262,391,327,71,777,649,154,443,701,860
861;192,34,424,776,873,879,112,50,435,788,631,793,571,892,733,861
862;195,3,262,712,586,522,463,19,403,915,217,348,285,415,292,167,232,297,106,621,752,50,244,52,437,60,862
863;643,4,293,198,327,73,138,715,302,846,430,785,467,51,532,630,599,823,952,185,446,62,543,863
864;774,998,135,654,302,559,144,274,372,821,918,407,952,537,953,185,539,157,189,831,864
865;963,515,134,456,714,458,846,399,81,340,799,32,289,929,291,616,424,112,304,881,498,883,371,947,758,247,639,383,865
866;324,101,870,745,105,523,173,45,270,849,499,151,313,829,94,510,286,866
867;128,864,804,455,296,746,620,401,594,756,470,151,985,667,477,867
868;192,225,658,515,964,342,486,425,267,507,31,639,868
869;801,771,388,292,740,742,296,681,493,366,750,335,240,434,245,984,377,539,476,572,990,415,869
870;578,803,868,101,486,742,455,872,971,717,783,180,341,726,312,59,188,414,351,870
871;770,898,962,517,199,136,714,651,781,13,973,23,855,408,412,30,159,866,612,932,998,102,743,295,745,375,825,122,765,871
872;448,626,386,547,228,37,454,986,10,797,872
873;904,840,522,12,974,654,912,337,915,724,852,27,607,96,609,35,358,428,109,241,370,179,884,373,824,632,958,873
874;898,131,902,391,137,777,969,10,976,211,409,539,542,546,420,228,935,297,298,493,46,559,48,819,500,632,313,57,829,127,874
875;384,576,449,962,71,72,202,268,336,530,213,277,534,792,990,225,481,35,166,39,749,687,495,177,561,950,695,951,824,875
876;643,548,228,103,490,80,372,629,889,953,122,730,28,876
877;34,552,393,330,106,528,176,115,628,598,59,926,191,877
878;385,233,714,556,76,846,78,399,336,149,632,380,156,317,878
879;1,931,867,563,707,868,629,694,263,760,718,655,879
880;449,962,387,581,391,458,973,270,591,530,341,277,21,665,222,739,867,37,488,808,299,939,108,686,624,49,370,114,692,634,880
881;0,388,901,777,204,591,913,977,148,276,88,286,544,34,237,45,622,879,49,628,886,55,122,954,315,443,573,191,881
882;224,867,389,582,490,682,171,941,238,750,752,369,402,146,468,536,894,882
883;674,4,933,295,7,424,42,202,141,143,879,591,561,337,915,884,533,469,891,883
884;389,650,74,203,716,205,334,335,783,402,466,660,154,157,733,350,287,802,996,677,421,360,106,43,506,884
885;418,484,327,872,74,810,396,429,719,273,434,661,952,600,890,826,154,315,411,885
886;769,579,968,840,844,332,657,786,84,918,982,472,926,735,354,680,170,875,363,369,753,371,435,374,823,886
887;480,513,835,100,261,966,775,679,394,778,812,624,465,690,914,820,84,22,636,350,887
888;896,864,643,199,8,969,970,363,589,493,79,656,753,595,564,568,249,187,699,763,956,957,253,830,888
889;929,673,753,435,807,359,904,696,443,461,622,607,889
890;225,419,773,165,934,295,681,558,14,527,655,435,851,180,52,788,853,661,693,182,599,27,703,890
891;802,706,615,904,650,299,142,399,79,946,403,248,728,473,636,412,446,959,891
892;352,800,576,480,869,357,935,712,200,9,747,306,210,531,660,22,56,216,825,315,926,575,892
893;450,963,758,374,871,330,602,251,894,654,79,893
894;259,388,965,296,873,683,849,561,562,949,790,793,189,894
895;0,69,394,906,14,662,151,663,536,157,414,478,609,356,870,808,618,299,556,877,624,816,498,116,757,822,696,824,895
896;371,36,726,886,582,187,91,379,349,926,942,206,896
897;768,834,963,391,904,906,653,526,783,786,213,281,282,476,796,797,228,548,805,165,101,936,873,169,236,942,560,957,897
898;837,805,645,135,648,365,559,979,759,792,185,91,763,605,125,573,898
899;96,576,35,869,775,810,143,17,209,435,756,632,158,899
900;65,547,228,71,878,691,468,212,666,763,795,221,286,447,900
901;451,838,11,142,784,339,404,853,598,854,793,603,479,736,356,678,40,492,503,183,827,123,828,700,574,901
902;992,370,708,869,823,376,57,297,539,812,444,902
903;324,839,78,142,18,212,341,472,794,222,801,673,875,876,304,48,752,240,437,885,310,825,122,61,895,903
904;33,419,835,196,101,903,553,716,302,111,981,151,120,377,904
905;448,816,594,531,660,600,40,588,524,477,941,926,905
906;704,64,256,577,517,198,782,786,149,853,922,538,155,862,671,545,33,293,232,297,234,943,369,882,50,442,123,893,906
907;676,774,586,779,651,174,465,977,691,181,214,918,760,91,284,907
908;721,929,580,102,966,552,489,905,749,687,908
909;769,3,134,679,168,425,42,171,205,880,178,243,884,308,693,441,124,668,252,573,253,909
910;738,170,43,175,911,591,687,817,946,952,985,380,766,831,223,910
911;992,448,129,737,961,801,355,611,708,262,902,359,8,200,425,459,845,271,759,666,410,252,767,911
912;928,612,677,678,616,648,40,329,906,301,973,302,879,560,720,721,659,88,250,58,987,319,63,912
913;993,673,867,806,39,455,712,649,138,466,92,572,540,913
914;384,705,643,291,515,163,902,394,138,683,779,619,396,812,621,782,368,563,851,727,87,247,761,914
915;513,418,98,132,580,196,677,780,428,877,494,143,80,272,369,435,563,659,473,793,475,283,699,284,915
916;385,371,531,310,790,73,956,620,125,685,686,542,916
917;193,418,371,662,582,857,874,810,939,204,917
918;709,582,137,265,76,399,210,212,725,407,865,167,103,423,360,937,619,171,557,495,113,433,181,888,761,121,380,959,918
919;128,192,225,710,518,551,311,617,892,605,591,919
920;64,101,581,456,360,556,270,846,847,911,818,787,692,758,921,601,569,863,959,920
921;257,197,775,231,619,844,173,398,624,816,336,785,882,468,246,343,472,410,571,27,223,921
922;512,320,133,201,394,11,14,143,335,21,474,732,287,162,290,807,41,746,238,564,117,247,952,955,893,922
923;640,576,66,451,516,328,585,522,722,83,277,920,857,734,95,863,675,165,103,744,361,426,624,944,498,950,952,638,127,767,923
924;257,966,294,262,77,143,272,309,277,597,758,701,829,799,447,924
925;451,500,422,199,602,141,477,622,110,607,925
926;496,480,738,914,36,436,806,600,652,814,926
927;192,195,554,202,973,654,368,817,86,218,410,253,95,927
928;512,545,609,69,871,391,295,616,395,140,942,623,176,662,952,858,958,382,928
929;610,613,935,105,268,397,909,141,942,719,79,111,209,723,500,981,310,662,663,280,218,412,28,929
930;962,904,137,11,113,498,307,309,405,310,216,761,570,347,763,893,445,930
931;515,451,517,781,589,465,85,919,792,90,353,354,933,934,102,555,939,368,563,436,694,888,185,571,316,931
932;800,307,948,949,85,950,183,873,682,426,932
933;448,80,480,273,146,979,967,951,151,13,933
934;65,963,966,519,711,714,330,653,275,599,88,347,923,860,285,352,804,167,744,937,425,682,363,107,314,698,638,575,934
935;898,580,325,5,264,333,279,734,927,801,678,551,876,367,432,112,177,561,947,51,884,372,950,184,699,702,935
936;160,768,641,963,68,233,396,462,368,400,561,658,883,180,854,219,860,936
937;673,707,387,35,14,783,944,19,53,726,695,700,447,937
938;224,385,897,931,804,423,363,76,685,462,561,500,788,981,725,342,694,251,284,29,938
939;34,549,263,654,399,304,657,627,500,277,342,536,344,312,120,667,987,734,939
940;195,899,708,772,965,582,967,971,268,76,909,14,977,404,852,471,477,612,422,621,878,113,564,568,953,698,958,940
941;128,322,963,781,278,791,151,89,537,922,475,476,285,158,926,31,929,933,358,873,233,815,817,635,699,958,941
942;161,966,903,586,458,172,77,238,942,311,634,509,159
943;672,993,266,651,652,685,814,78,144,497,21,853,917,119,122,666,891,923,347,927,943
944;768,736,161,994,387,580,711,904,813,366,590,211,852,438,56,313,505,635,607,944
945;416,294,486,552,265,457,809,42,684,140,908,525,719,241,307,820,154,945
946;2,708,903,525,333,655,529,145,212,599,728,730,412,604,158,37,486,488,681,106,47,175,819,883,180,693,946
947;802,742,520,171,749,495,338,307,565,822,278,247,472,600,536,828,947
948;834,8,906,783,655,16,465,658,723,790,662,215,855,155,347,283,286,416,225,740,996,741,613,551,296,43,377,314,383,948
949;513,642,964,774,75,784,279,408,923,287,485,742,359,871,362,491,558,175,177,950,311,312,250,442,701,949
950;291,68,838,360,746,267,974,271,177,466,594,115,630,376,570,93,767,223,950
951;800,237,429,175,179,468,152,377,539,157,862,94,159,951
952;800,385,610,194,356,357,70,199,775,551,968,713,205,721,500,917,149,469,761,666,154,189,382,952
953;896,513,291,355,581,38,614,391,616,648,492,430,623,913,274,755,215,471,153,346,91,61,863,953
954;833,33,289,676,935,584,780,910,911,853,726,504,378,605,954
955;449,866,99,359,935,8,73,682,458,842,719,433,657,244,885,53,854,982,281,89,827,955
956;897,325,453,134,902,136,333,270,462,783,853,597,535,25,475,348,672,420,165,678,359,552,618,684,244,949,759,631,699,59,956
957;801,387,933,517,198,792,250,379,475,941,893,159,957
958;768,577,482,420,392,680,264,809,874,875,271,944,209,787,318,958
959;545,355,99,995,932,837,390,903,936,136,778,141,206,527,625,978,658,532,761,474,315,412,284,285,959
960;706,517,518,583,9,905,521,79,272,593,532,917,726,535,601,27,479,33,358,167,745,177,434,564,699,255,960
961;513,390,775,393,267,528,656,978,914,980,341,725,536,986,731,859,668,735,673,546,932,550,743,233,812,621,955,766,961
962;656,480,754,771,324,396,781,477,414,847,962
963;928,611,899,742,486,103,812,846,655,719,752,16,945,689,497,212,948,20,791,538,155,828,963
964;578,68,584,8,841,716,400,727,474,666,284,668,29,166,680,169,681,814,623,305,51,627,54,696,954,959,964
965;306,210,19,515,437,439,24,809,283,126,965
966;416,291,227,708,773,520,331,971,460,590,49,626,469,757,693,919,571,700,349,830,30,31,703,966
967;228,677,37,743,199,936,586,426,812,397,654,372,150,153,349,62,478,967
968;386,962,197,265,713,464,401,786,466,854,919,280,408,347,350,810,687,432,176,753,883,757,825,698,956,510,968
969;899,201,716,399,271,916,152,665,220,285,669,160,994,867,423,552,937,427,747,686,305,946,371,243,887,698,125,190,969
970;963,70,262,710,588,526,783,527,658,147,537,793,286,990,867,228,484,614,492,885,822,439,377,313,186,970
971;416,67,835,580,325,646,198,586,842,590,336,113,785,180,309,245,885,918,601,507,796,860,572,959,971
972;384,578,3,579,709,520,9,17,153,412,860,287,609,806,616,940,364,45,749,237,173,368,176,306,627,694,568,250,444,972
973;496,497,899,69,373,421,72,42,651,991,973
974;161,97,643,358,103,648,139,396,756,698,443,477,478,974
975;705,452,903,265,521,972,524,655,80,274,150,283,800,737,931,550,616,554,619,812,685,429,115,309,183,62,975
976;385,833,162,98,675,196,101,296,776,456,616,265,13,335,208,720,242,50,790,312,890,90,766,735,976
977;421,838,423,872,72,520,716,493,653,847,531,148,247,892,191,977
978;642,995,260,709,518,551,167,361,169,235,140,753,369,979,276,246,408,379,667,603,61,253,830,978
979;962,772,581,200,143,272,471,537,666,796,28,225,483,547,484,614,743,360,296,42,750,176,435,52,247,890,122,764,958,979
980;226,131,676,297,170,458,586,365,654,719,656,144,210,83,148,340,118,310,282,570,795,827,637,980
981;384,224,833,322,290,867,676,869,549,806,870,327,647,490,429,142,14,371,277,151,253,221,350,991,981
982;161,901,166,806,839,490,940,238,304,688,560,785,818,628,725,150,600,982
983;192,352,834,552,777,620,845,591,784,689,529,982,344,731,509,983
984;67,423,615,872,713,458,652,814,151,215,24,921,954,29,797,984
985;561,897,451,373,278,6,328,665,540,109,143,831,985
986;451,836,5,456,136,73,844,716,460,783,207,404,405,795,347,924,32,743,489,681,366,686,881,948,696,986
987;32,675,837,775,936,648,233,425,685,942,241,979,340,692,469,983,311,696,408,889,699,923,987
988;357,902,200,937,138,362,874,395,525,909,46,81,147,308,756,725,535,312,281,380,190,447,988
989;66,707,453,69,422,582,648,136,584,585,816,116,661,888,954,59,447,989
990;548,357,806,231,653,461,527,783,849,663,919,503,539,731,637,990
991;640,705,579,131,965,71,839,524,460,273,274,787,920,408,856,736,737,930,802,362,106,236,751,113,311,508,991
992;384,197,136,846,527,912,209,214,727,280,986,794,667,91,924,157,933,101,103,683,558,434,882,818,628,313,826,992
993;352,646,807,521,205,911,15,752,497,851,756,372,758,343,634,993
994;65,449,130,226,34,5,968,936,264,681,107,747,846,975,594,182,409,505,890,636,604,671,223,863,994
995;547,932,966,200,364,143,465,561,562,371,599,568,57,26,986,221,995
996;135,487,169,202,234,747,45,493,110,79,16,529,274,598,569,314,443,223,996
997;517,709,485,6,711,935,73,844,589,175,80,145,51,244,372,763,540,126,997
998;576,65,770,866,163,740,456,682,299,973,623,83,597,342,214,87,824,24,600,185,954,698,124,63,998
999;388,8,905,779,908,204,397,978,147,595,788,405,213,473,412,414,863,671,163,933,41,875,237,558,176,433,311,312,58,636,999
